0 0
1 0
2 0
3 3
4 29
5 11
6 8
7 28
8 0
9 0
10 0
11 0
12 0
13 23
14 0
15 0
16 0
17 29
18 28
19 0
20 0
21 0
22 28
23 12
24 0
25 28
26 0
27 0
28 29
29 4
30 0
31 0
32 0
33 1
34 0
35 28
36 2
37 0
38 0
39 4
40 0
41 0
42 0
43 0
44 28
45 0
46 0
47 0
48 0
49 0
50 6
51 29
52 0
53 0
54 0
55 23
56 17
57 29
58 28
59 3
60 0
61 29
62 28
63 16
64 1
65 0
66 15
67 29
68 21
69 29
70 6
71 0
72 0
73 0
74 0
75 28
76 29
77 0
78 0
79 0
80 0
81 0
82 29
83 0
84 0
85 29
86 0
87 0
88 1
89 18
90 0
91 9
92 29
93 13
94 0
95 0
96 11
97 3
98 0
99 0
100 28
101 0
102 1
103 0
104 0
105 28
106 11
107 0
108 0
109 0
110 7
111 0
112 7
113 0
114 1
115 0
116 0
117 0
118 0
119 0
