0 14
1 0
2 0
3 29
4 21
5 8
6 0
7 29
8 0
9 0
10 0
11 7
12 0
13 8
14 0
15 0
16 0
17 29
18 10
19 4
20 0
21 0
22 28
23 8
24 6
25 17
26 8
27 0
28 8
29 7
30 0
31 15
32 0
33 5
34 0
35 28
36 0
37 0
38 29
39 0
40 13
41 16
42 15
43 0
44 12
45 15
46 0
47 4
48 0
49 0
50 0
51 0
52 13
53 0
54 0
55 4
56 0
57 11
58 29
59 11
60 0
61 28
62 27
63 1
64 0
65 4
66 26
67 29
68 3
69 8
70 11
71 0
72 0
73 0
74 28
75 12
76 28
77 0
78 0
79 0
80 3
81 0
82 28
83 0
84 1
85 28
86 0
87 0
88 0
89 0
90 0
91 2
92 8
93 22
94 0
95 0
96 7
97 29
98 0
99 0
100 0
101 0
102 12
103 0
104 0
105 21
106 29
107 0
108 0
109 0
110 0
111 3
112 18
113 0
114 6
115 0
116 0
117 19
118 3
119 0
