0 0
1 5
2 0
3 28
4 8
5 13
6 0
7 29
8 8
9 0
10 0
11 10
12 0
13 25
14 0
15 0
16 1
17 28
18 0
19 8
20 0
21 10
22 0
23 0
24 1
25 5
26 5
27 11
28 0
29 0
30 0
31 15
32 0
33 8
34 0
35 13
36 6
37 0
38 9
39 6
40 0
41 0
42 2
43 0
44 0
45 0
46 0
47 0
48 0
49 0
50 0
51 11
52 5
53 28
54 5
55 0
56 12
57 0
58 28
59 17
60 0
61 26
62 29
63 2
64 0
65 0
66 4
67 0
68 16
69 0
70 0
71 0
72 14
73 0
74 17
75 27
76 28
77 0
78 0
79 0
80 1
81 0
82 0
83 0
84 0
85 6
86 5
87 0
88 0
89 1
90 5
91 8
92 0
93 16
94 4
95 1
96 14
97 8
98 13
99 0
100 0
101 4
102 0
103 0
104 0
105 0
106 28
107 12
108 4
109 0
110 2
111 0
112 0
113 0
114 0
115 10
116 11
117 10
118 0
119 1
