0 0
1 0
2 0
3 18
4 0
5 29
6 0
7 29
8 0
9 2
10 0
11 16
12 1
13 29
14 0
15 0
16 0
17 26
18 0
19 11
20 0
21 19
22 29
23 6
24 0
25 0
26 0
27 0
28 18
29 0
30 0
31 12
32 0
33 12
34 1
35 29
36 9
37 0
38 16
39 0
40 14
41 0
42 9
43 0
44 12
45 0
46 0
47 9
48 0
49 0
50 29
51 8
52 0
53 0
54 0
55 0
56 0
57 2
58 29
59 0
60 0
61 29
62 29
63 10
64 0
65 20
66 0
67 29
68 11
69 29
70 2
71 0
72 0
73 0
74 29
75 2
76 29
77 0
78 0
79 0
80 0
81 0
82 29
83 0
84 7
85 17
86 0
87 0
88 0
89 0
90 10
91 15
92 0
93 20
94 0
95 0
96 4
97 15
98 21
99 1
100 0
101 7
102 11
103 0
104 3
105 28
106 29
107 0
108 26
109 0
110 0
111 8
112 7
113 0
114 0
115 5
116 0
117 0
118 6
119 4
