0 0
1 0
2 29
3 3
4 15
5 28
6 0
7 28
8 21
9 0
10 0
11 28
12 0
13 28
14 0
15 0
16 4
17 28
18 4
19 14
20 16
21 15
22 2
23 6
24 0
25 12
26 0
27 0
28 1
29 0
30 0
31 17
32 0
33 0
34 0
35 28
36 0
37 0
38 22
39 0
40 0
41 7
42 1
43 0
44 0
45 11
46 2
47 1
48 0
49 0
50 0
51 13
52 25
53 0
54 0
55 6
56 0
57 0
58 29
59 9
60 0
61 0
62 29
63 2
64 3
65 22
66 17
67 29
68 6
69 5
70 14
71 0
72 22
73 0
74 28
75 5
76 13
77 0
78 0
79 16
80 2
81 2
82 29
83 0
84 0
85 29
86 0
87 0
88 7
89 0
90 6
91 1
92 7
93 4
94 0
95 2
96 0
97 23
98 11
99 0
100 0
101 0
102 10
103 0
104 0
105 16
106 29
107 0
108 0
109 0
110 0
111 4
112 20
113 0
114 14
115 16
116 0
117 27
118 6
119 0
