0 4
1 0
2 0
3 29
4 20
5 5
6 0
7 26
8 0
9 0
10 0
11 0
12 0
13 2
14 0
15 0
16 0
17 29
18 0
19 6
20 0
21 10
22 29
23 0
24 7
25 0
26 23
27 0
28 17
29 0
30 0
31 0
32 0
33 10
34 0
35 16
36 1
37 0
38 27
39 0
40 16
41 18
42 5
43 0
44 28
45 16
46 20
47 0
48 2
49 0
50 7
51 0
52 6
53 0
54 10
55 0
56 0
57 3
58 0
59 17
60 0
61 25
62 16
63 15
64 6
65 13
66 14
67 29
68 14
69 15
70 0
71 0
72 1
73 0
74 25
75 17
76 28
77 0
78 25
79 13
80 8
81 0
82 10
83 0
84 0
85 9
86 21
87 0
88 0
89 0
90 2
91 0
92 0
93 0
94 0
95 0
96 0
97 0
98 2
99 0
100 0
101 28
102 0
103 0
104 5
105 4
106 4
107 0
108 0
109 0
110 0
111 1
112 0
113 0
114 0
115 21
116 0
117 16
118 0
119 5
