0 0
1 0
2 0
3 14
4 29
5 15
6 5
7 28
8 0
9 0
10 0
11 0
12 0
13 29
14 0
15 0
16 0
17 29
18 13
19 12
20 6
21 0
22 28
23 0
24 8
25 13
26 22
27 1
28 0
29 0
30 0
31 0
32 0
33 0
34 0
35 5
36 0
37 0
38 0
39 0
40 0
41 0
42 1
43 0
44 29
45 6
46 16
47 0
48 0
49 0
50 13
51 10
52 12
53 0
54 0
55 4
56 0
57 16
58 24
59 12
60 0
61 29
62 29
63 26
64 0
65 9
66 2
67 29
68 0
69 5
70 11
71 0
72 17
73 0
74 25
75 12
76 0
77 0
78 28
79 29
80 0
81 0
82 28
83 0
84 0
85 27
86 21
87 0
88 0
89 0
90 0
91 0
92 12
93 0
94 0
95 0
96 0
97 0
98 0
99 0
100 0
101 23
102 7
103 0
104 15
105 6
106 14
107 0
108 6
109 0
110 4
111 0
112 0
113 0
114 0
115 14
116 0
117 13
118 0
119 2
