0 0
1 0
2 29
3 0
4 29
5 29
6 0
7 28
8 8
9 2
10 0
11 28
12 14
13 24
14 0
15 0
16 1
17 3
18 3
19 2
20 9
21 0
22 5
23 29
24 0
25 25
26 0
27 0
28 11
29 0
30 0
31 0
32 0
33 0
34 0
35 28
36 0
37 0
38 28
39 0
40 3
41 6
42 19
43 0
44 25
45 3
46 0
47 0
48 0
49 0
50 0
51 19
52 21
53 0
54 0
55 16
56 0
57 21
58 29
59 17
60 0
61 28
62 28
63 21
64 0
65 8
66 3
67 29
68 12
69 29
70 5
71 1
72 0
73 0
74 23
75 17
76 29
77 0
78 0
79 2
80 0
81 5
82 29
83 2
84 0
85 29
86 0
87 0
88 0
89 0
90 0
91 7
92 11
93 5
94 0
95 0
96 0
97 5
98 0
99 0
100 0
101 0
102 1
103 29
104 1
105 15
106 29
107 0
108 0
109 0
110 6
111 6
112 4
113 0
114 0
115 13
116 0
117 7
118 0
119 0
