0 0
1 0
2 28
3 19
4 29
5 29
6 0
7 22
8 0
9 0
10 0
11 28
12 0
13 29
14 0
15 0
16 0
17 29
18 0
19 23
20 22
21 0
22 29
23 1
24 0
25 2
26 26
27 0
28 10
29 0
30 6
31 0
32 0
33 22
34 0
35 24
36 0
37 0
38 15
39 0
40 0
41 5
42 0
43 0
44 2
45 9
46 5
47 0
48 1
49 0
50 0
51 0
52 9
53 0
54 0
55 8
56 0
57 14
58 29
59 0
60 0
61 28
62 29
63 21
64 0
65 2
66 0
67 29
68 29
69 0
70 17
71 2
72 13
73 0
74 29
75 20
76 29
77 0
78 0
79 25
80 0
81 0
82 29
83 0
84 0
85 29
86 0
87 0
88 0
89 3
90 5
91 3
92 0
93 10
94 0
95 0
96 2
97 0
98 17
99 0
100 0
101 12
102 2
103 0
104 3
105 13
106 29
107 0
108 11
109 0
110 7
111 0
112 0
113 0
114 0
115 21
116 0
117 13
118 0
119 0
