0 0
1 2
2 18
3 19
4 28
5 29
6 0
7 29
8 29
9 0
10 0
11 5
12 0
13 12
14 3
15 0
16 4
17 29
18 0
19 13
20 0
21 0
22 16
23 10
24 3
25 5
26 25
27 0
28 0
29 12
30 0
31 29
32 0
33 0
34 1
35 28
36 0
37 0
38 29
39 0
40 2
41 0
42 4
43 0
44 0
45 20
46 0
47 0
48 0
49 0
50 3
51 11
52 10
53 0
54 0
55 0
56 0
57 14
58 29
59 0
60 0
61 22
62 28
63 0
64 0
65 14
66 29
67 29
68 13
69 0
70 0
71 0
72 8
73 0
74 29
75 0
76 28
77 0
78 0
79 0
80 2
81 0
82 22
83 1
84 6
85 29
86 0
87 0
88 9
89 0
90 0
91 6
92 0
93 29
94 0
95 13
96 0
97 15
98 29
99 0
100 0
101 0
102 0
103 0
104 0
105 29
106 29
107 0
108 29
109 0
110 0
111 12
112 23
113 0
114 1
115 9
116 0
117 14
118 28
119 8
