0 0 0 17
0 0 1 0
0 0 2 49
0 0 3 63
0 0 4 2
0 0 5 0
0 0 6 7
0 0 7 48
0 0 8 0
0 0 9 0
0 0 10 47
0 0 11 21
0 0 12 0
0 0 13 0
0 0 14 3
0 0 15 22
0 0 16 0
0 0 17 31
0 0 18 30
0 0 19 0
0 0 20 54
0 0 21 62
0 0 22 55
0 0 23 22
0 0 24 23
0 0 25 0
0 0 26 0
0 0 27 39
0 0 28 17
0 0 29 20
0 0 30 22
0 0 31 0
0 0 32 63
0 0 33 62
0 0 34 47
0 0 35 32
0 0 36 0
0 0 37 51
0 0 38 22
0 0 39 21
0 0 40 34
0 0 41 14
0 0 42 20
0 0 43 22
0 0 44 29
0 0 45 63
0 0 46 15
0 0 47 0
0 0 48 36
0 0 49 0
0 0 50 17
0 0 51 31
0 0 52 5
0 0 53 0
0 0 54 35
0 0 55 63
0 0 56 0
0 0 57 24
0 0 58 63
0 0 59 26
0 0 60 0
0 0 61 40
0 0 62 0
0 0 63 63
0 1 0 12
0 1 1 9
0 1 2 26
0 1 3 63
0 1 4 0
0 1 5 0
0 1 6 0
0 1 7 14
0 1 8 0
0 1 9 0
0 1 10 0
0 1 11 0
0 1 12 0
0 1 13 0
0 1 14 0
0 1 15 0
0 1 16 3
0 1 17 0
0 1 18 0
0 1 19 0
0 1 20 47
0 1 21 62
0 1 22 43
0 1 23 3
0 1 24 0
0 1 25 38
0 1 26 0
0 1 27 30
0 1 28 28
0 1 29 27
0 1 30 0
0 1 31 0
0 1 32 62
0 1 33 0
0 1 34 19
0 1 35 4
0 1 36 0
0 1 37 10
0 1 38 0
0 1 39 12
0 1 40 0
0 1 41 0
0 1 42 0
0 1 43 0
0 1 44 50
0 1 45 40
0 1 46 0
0 1 47 0
0 1 48 0
0 1 49 0
0 1 50 3
0 1 51 3
0 1 52 0
0 1 53 0
0 1 54 0
0 1 55 46
0 1 56 0
0 1 57 16
0 1 58 61
0 1 59 17
0 1 60 0
0 1 61 0
0 1 62 0
0 1 63 37
0 2 0 0
0 2 1 0
0 2 2 18
0 2 3 62
0 2 4 0
0 2 5 0
0 2 6 0
0 2 7 19
0 2 8 0
0 2 9 0
0 2 10 14
0 2 11 0
0 2 12 0
0 2 13 0
0 2 14 0
0 2 15 0
0 2 16 0
0 2 17 31
0 2 18 0
0 2 19 0
0 2 20 63
0 2 21 61
0 2 22 55
0 2 23 0
0 2 24 0
0 2 25 7
0 2 26 0
0 2 27 11
0 2 28 50
0 2 29 40
0 2 30 0
0 2 31 0
0 2 32 63
0 2 33 0
0 2 34 48
0 2 35 11
0 2 36 0
0 2 37 20
0 2 38 0
0 2 39 16
0 2 40 31
0 2 41 0
0 2 42 0
0 2 43 0
0 2 44 42
0 2 45 11
0 2 46 0
0 2 47 0
0 2 48 28
0 2 49 0
0 2 50 0
0 2 51 22
0 2 52 0
0 2 53 0
0 2 54 4
0 2 55 48
0 2 56 0
0 2 57 0
0 2 58 45
0 2 59 37
0 2 60 0
0 2 61 40
0 2 62 0
0 2 63 63
0 3 0 0
0 3 1 0
0 3 2 33
0 3 3 62
0 3 4 0
0 3 5 0
0 3 6 0
0 3 7 7
0 3 8 0
0 3 9 0
0 3 10 4
0 3 11 0
0 3 12 0
0 3 13 0
0 3 14 0
0 3 15 0
0 3 16 0
0 3 17 57
0 3 18 19
0 3 19 0
0 3 20 45
0 3 21 29
0 3 22 49
0 3 23 0
0 3 24 0
0 3 25 0
0 3 26 0
0 3 27 16
0 3 28 0
0 3 29 0
0 3 30 0
0 3 31 10
0 3 32 58
0 3 33 0
0 3 34 46
0 3 35 18
0 3 36 14
0 3 37 36
0 3 38 0
0 3 39 0
0 3 40 12
0 3 41 0
0 3 42 0
0 3 43 0
0 3 44 62
0 3 45 39
0 3 46 0
0 3 47 0
0 3 48 0
0 3 49 0
0 3 50 17
0 3 51 0
0 3 52 0
0 3 53 0
0 3 54 0
0 3 55 63
0 3 56 0
0 3 57 20
0 3 58 63
0 3 59 5
0 3 60 0
0 3 61 31
0 3 62 0
0 3 63 57
0 4 0 0
0 4 1 0
0 4 2 25
0 4 3 63
0 4 4 0
0 4 5 0
0 4 6 0
0 4 7 49
0 4 8 0
0 4 9 0
0 4 10 0
0 4 11 0
0 4 12 0
0 4 13 0
0 4 14 0
0 4 15 0
0 4 16 0
0 4 17 0
0 4 18 17
0 4 19 0
0 4 20 60
0 4 21 62
0 4 22 31
0 4 23 0
0 4 24 0
0 4 25 14
0 4 26 0
0 4 27 7
0 4 28 0
0 4 29 0
0 4 30 10
0 4 31 4
0 4 32 10
0 4 33 0
0 4 34 8
0 4 35 0
0 4 36 33
0 4 37 33
0 4 38 32
0 4 39 1
0 4 40 0
0 4 41 32
0 4 42 0
0 4 43 0
0 4 44 63
0 4 45 0
0 4 46 0
0 4 47 0
0 4 48 0
0 4 49 0
0 4 50 49
0 4 51 0
0 4 52 7
0 4 53 0
0 4 54 0
0 4 55 63
0 4 56 0
0 4 57 9
0 4 58 48
0 4 59 0
0 4 60 0
0 4 61 0
0 4 62 0
0 4 63 53
0 5 0 0
0 5 1 0
0 5 2 11
0 5 3 62
0 5 4 0
0 5 5 0
0 5 6 0
0 5 7 7
0 5 8 0
0 5 9 0
0 5 10 25
0 5 11 0
0 5 12 0
0 5 13 0
0 5 14 0
0 5 15 0
0 5 16 19
0 5 17 39
0 5 18 33
0 5 19 0
0 5 20 63
0 5 21 62
0 5 22 36
0 5 23 0
0 5 24 0
0 5 25 45
0 5 26 0
0 5 27 0
0 5 28 0
0 5 29 15
0 5 30 0
0 5 31 0
0 5 32 62
0 5 33 5
0 5 34 25
0 5 35 16
0 5 36 0
0 5 37 62
0 5 38 4
0 5 39 0
0 5 40 6
0 5 41 0
0 5 42 0
0 5 43 14
0 5 44 39
0 5 45 18
0 5 46 6
0 5 47 0
0 5 48 10
0 5 49 0
0 5 50 28
0 5 51 13
0 5 52 0
0 5 53 0
0 5 54 0
0 5 55 63
0 5 56 0
0 5 57 12
0 5 58 28
0 5 59 24
0 5 60 0
0 5 61 10
0 5 62 0
0 5 63 26
0 6 0 0
0 6 1 0
0 6 2 61
0 6 3 62
0 6 4 0
0 6 5 0
0 6 6 0
0 6 7 50
0 6 8 0
0 6 9 0
0 6 10 0
0 6 11 0
0 6 12 0
0 6 13 0
0 6 14 0
0 6 15 0
0 6 16 0
0 6 17 0
0 6 18 61
0 6 19 0
0 6 20 63
0 6 21 45
0 6 22 60
0 6 23 5
0 6 24 0
0 6 25 9
0 6 26 0
0 6 27 42
0 6 28 0
0 6 29 16
0 6 30 0
0 6 31 0
0 6 32 49
0 6 33 0
0 6 34 42
0 6 35 40
0 6 36 0
0 6 37 3
0 6 38 4
0 6 39 0
0 6 40 0
0 6 41 0
0 6 42 0
0 6 43 0
0 6 44 39
0 6 45 38
0 6 46 0
0 6 47 0
0 6 48 15
0 6 49 0
0 6 50 40
0 6 51 0
0 6 52 0
0 6 53 0
0 6 54 12
0 6 55 63
0 6 56 0
0 6 57 0
0 6 58 38
0 6 59 10
0 6 60 0
0 6 61 0
0 6 62 0
0 6 63 2
0 7 0 0
0 7 1 0
0 7 2 19
0 7 3 45
0 7 4 0
0 7 5 0
0 7 6 0
0 7 7 0
0 7 8 0
0 7 9 0
0 7 10 0
0 7 11 0
0 7 12 0
0 7 13 0
0 7 14 0
0 7 15 0
0 7 16 0
0 7 17 0
0 7 18 0
0 7 19 0
0 7 20 32
0 7 21 0
0 7 22 57
0 7 23 0
0 7 24 0
0 7 25 2
0 7 26 0
0 7 27 18
0 7 28 0
0 7 29 0
0 7 30 0
0 7 31 8
0 7 32 25
0 7 33 0
0 7 34 16
0 7 35 0
0 7 36 0
0 7 37 0
0 7 38 0
0 7 39 0
0 7 40 0
0 7 41 0
0 7 42 0
0 7 43 0
0 7 44 4
0 7 45 0
0 7 46 0
0 7 47 0
0 7 48 0
0 7 49 0
0 7 50 7
0 7 51 0
0 7 52 0
0 7 53 0
0 7 54 0
0 7 55 9
0 7 56 0
0 7 57 0
0 7 58 0
0 7 59 0
0 7 60 0
0 7 61 0
0 7 62 0
0 7 63 0
1 0 0 0
1 0 1 0
1 0 2 0
1 0 3 20
1 0 4 0
1 0 5 0
1 0 6 0
1 0 7 0
1 0 8 0
1 0 9 0
1 0 10 11
1 0 11 0
1 0 12 0
1 0 13 0
1 0 14 0
1 0 15 0
1 0 16 0
1 0 17 62
1 0 18 0
1 0 19 0
1 0 20 0
1 0 21 8
1 0 22 0
1 0 23 0
1 0 24 2
1 0 25 0
1 0 26 0
1 0 27 0
1 0 28 0
1 0 29 48
1 0 30 0
1 0 31 0
1 0 32 0
1 0 33 56
1 0 34 27
1 0 35 0
1 0 36 0
1 0 37 0
1 0 38 0
1 0 39 0
1 0 40 0
1 0 41 0
1 0 42 0
1 0 43 0
1 0 44 0
1 0 45 0
1 0 46 0
1 0 47 0
1 0 48 0
1 0 49 0
1 0 50 0
1 0 51 0
1 0 52 0
1 0 53 0
1 0 54 0
1 0 55 0
1 0 56 0
1 0 57 27
1 0 58 0
1 0 59 0
1 0 60 2
1 0 61 0
1 0 62 3
1 0 63 0
1 1 0 0
1 1 1 0
1 1 2 0
1 1 3 40
1 1 4 0
1 1 5 0
1 1 6 0
1 1 7 0
1 1 8 0
1 1 9 0
1 1 10 0
1 1 11 0
1 1 12 0
1 1 13 0
1 1 14 0
1 1 15 0
1 1 16 0
1 1 17 0
1 1 18 0
1 1 19 0
1 1 20 2
1 1 21 30
1 1 22 0
1 1 23 0
1 1 24 0
1 1 25 0
1 1 26 0
1 1 27 0
1 1 28 0
1 1 29 31
1 1 30 0
1 1 31 0
1 1 32 4
1 1 33 0
1 1 34 0
1 1 35 0
1 1 36 0
1 1 37 0
1 1 38 0
1 1 39 0
1 1 40 0
1 1 41 0
1 1 42 0
1 1 43 0
1 1 44 0
1 1 45 0
1 1 46 0
1 1 47 0
1 1 48 0
1 1 49 0
1 1 50 0
1 1 51 0
1 1 52 0
1 1 53 0
1 1 54 0
1 1 55 0
1 1 56 0
1 1 57 0
1 1 58 0
1 1 59 0
1 1 60 0
1 1 61 0
1 1 62 0
1 1 63 0
1 2 0 0
1 2 1 0
1 2 2 0
1 2 3 55
1 2 4 0
1 2 5 0
1 2 6 0
1 2 7 0
1 2 8 0
1 2 9 0
1 2 10 0
1 2 11 0
1 2 12 9
1 2 13 0
1 2 14 0
1 2 15 0
1 2 16 0
1 2 17 1
1 2 18 0
1 2 19 0
1 2 20 0
1 2 21 3
1 2 22 0
1 2 23 0
1 2 24 0
1 2 25 0
1 2 26 0
1 2 27 0
1 2 28 0
1 2 29 21
1 2 30 0
1 2 31 0
1 2 32 0
1 2 33 0
1 2 34 0
1 2 35 0
1 2 36 0
1 2 37 0
1 2 38 0
1 2 39 0
1 2 40 0
1 2 41 0
1 2 42 0
1 2 43 0
1 2 44 0
1 2 45 0
1 2 46 0
1 2 47 0
1 2 48 0
1 2 49 0
1 2 50 0
1 2 51 0
1 2 52 0
1 2 53 0
1 2 54 0
1 2 55 0
1 2 56 0
1 2 57 24
1 2 58 0
1 2 59 0
1 2 60 0
1 2 61 0
1 2 62 0
1 2 63 0
1 3 0 0
1 3 1 0
1 3 2 0
1 3 3 31
1 3 4 0
1 3 5 0
1 3 6 0
1 3 7 0
1 3 8 0
1 3 9 0
1 3 10 0
1 3 11 0
1 3 12 0
1 3 13 0
1 3 14 0
1 3 15 0
1 3 16 0
1 3 17 0
1 3 18 0
1 3 19 0
1 3 20 24
1 3 21 19
1 3 22 15
1 3 23 0
1 3 24 0
1 3 25 0
1 3 26 0
1 3 27 0
1 3 28 0
1 3 29 12
1 3 30 0
1 3 31 0
1 3 32 0
1 3 33 0
1 3 34 0
1 3 35 0
1 3 36 0
1 3 37 0
1 3 38 0
1 3 39 0
1 3 40 0
1 3 41 0
1 3 42 0
1 3 43 0
1 3 44 0
1 3 45 0
1 3 46 0
1 3 47 0
1 3 48 0
1 3 49 0
1 3 50 0
1 3 51 0
1 3 52 0
1 3 53 0
1 3 54 0
1 3 55 0
1 3 56 0
1 3 57 0
1 3 58 0
1 3 59 0
1 3 60 0
1 3 61 0
1 3 62 0
1 3 63 31
1 4 0 0
1 4 1 0
1 4 2 0
1 4 3 1
1 4 4 0
1 4 5 0
1 4 6 0
1 4 7 0
1 4 8 0
1 4 9 0
1 4 10 0
1 4 11 0
1 4 12 0
1 4 13 0
1 4 14 0
1 4 15 0
1 4 16 0
1 4 17 0
1 4 18 0
1 4 19 0
1 4 20 0
1 4 21 30
1 4 22 0
1 4 23 0
1 4 24 0
1 4 25 0
1 4 26 0
1 4 27 0
1 4 28 0
1 4 29 47
1 4 30 0
1 4 31 0
1 4 32 15
1 4 33 0
1 4 34 0
1 4 35 0
1 4 36 0
1 4 37 0
1 4 38 0
1 4 39 0
1 4 40 0
1 4 41 0
1 4 42 0
1 4 43 0
1 4 44 3
1 4 45 0
1 4 46 0
1 4 47 0
1 4 48 0
1 4 49 0
1 4 50 0
1 4 51 4
1 4 52 0
1 4 53 0
1 4 54 0
1 4 55 0
1 4 56 0
1 4 57 0
1 4 58 0
1 4 59 0
1 4 60 0
1 4 61 0
1 4 62 0
1 4 63 0
1 5 0 0
1 5 1 0
1 5 2 0
1 5 3 28
1 5 4 0
1 5 5 0
1 5 6 2
1 5 7 0
1 5 8 0
1 5 9 0
1 5 10 0
1 5 11 0
1 5 12 0
1 5 13 0
1 5 14 0
1 5 15 0
1 5 16 0
1 5 17 0
1 5 18 0
1 5 19 0
1 5 20 0
1 5 21 60
1 5 22 0
1 5 23 0
1 5 24 0
1 5 25 0
1 5 26 0
1 5 27 0
1 5 28 0
1 5 29 5
1 5 30 0
1 5 31 0
1 5 32 0
1 5 33 0
1 5 34 0
1 5 35 0
1 5 36 0
1 5 37 0
1 5 38 0
1 5 39 0
1 5 40 0
1 5 41 0
1 5 42 0
1 5 43 0
1 5 44 5
1 5 45 0
1 5 46 0
1 5 47 0
1 5 48 0
1 5 49 0
1 5 50 0
1 5 51 0
1 5 52 0
1 5 53 0
1 5 54 0
1 5 55 0
1 5 56 0
1 5 57 6
1 5 58 0
1 5 59 0
1 5 60 0
1 5 61 0
1 5 62 0
1 5 63 1
1 6 0 0
1 6 1 0
1 6 2 0
1 6 3 11
1 6 4 0
1 6 5 0
1 6 6 48
1 6 7 0
1 6 8 0
1 6 9 0
1 6 10 0
1 6 11 0
1 6 12 0
1 6 13 0
1 6 14 0
1 6 15 0
1 6 16 0
1 6 17 0
1 6 18 0
1 6 19 0
1 6 20 0
1 6 21 0
1 6 22 0
1 6 23 0
1 6 24 0
1 6 25 0
1 6 26 0
1 6 27 0
1 6 28 0
1 6 29 59
1 6 30 0
1 6 31 0
1 6 32 12
1 6 33 0
1 6 34 0
1 6 35 0
1 6 36 0
1 6 37 0
1 6 38 0
1 6 39 0
1 6 40 0
1 6 41 0
1 6 42 0
1 6 43 0
1 6 44 0
1 6 45 0
1 6 46 0
1 6 47 0
1 6 48 0
1 6 49 0
1 6 50 0
1 6 51 0
1 6 52 0
1 6 53 0
1 6 54 0
1 6 55 0
1 6 56 0
1 6 57 0
1 6 58 0
1 6 59 0
1 6 60 0
1 6 61 0
1 6 62 0
1 6 63 0
1 7 0 0
1 7 1 0
1 7 2 0
1 7 3 19
1 7 4 0
1 7 5 0
1 7 6 0
1 7 7 0
1 7 8 0
1 7 9 0
1 7 10 0
1 7 11 0
1 7 12 0
1 7 13 0
1 7 14 0
1 7 15 0
1 7 16 0
1 7 17 0
1 7 18 0
1 7 19 0
1 7 20 0
1 7 21 2
1 7 22 0
1 7 23 0
1 7 24 0
1 7 25 0
1 7 26 0
1 7 27 0
1 7 28 0
1 7 29 0
1 7 30 0
1 7 31 0
1 7 32 0
1 7 33 0
1 7 34 17
1 7 35 0
1 7 36 0
1 7 37 0
1 7 38 0
1 7 39 0
1 7 40 0
1 7 41 0
1 7 42 0
1 7 43 0
1 7 44 0
1 7 45 0
1 7 46 0
1 7 47 0
1 7 48 0
1 7 49 0
1 7 50 0
1 7 51 0
1 7 52 0
1 7 53 0
1 7 54 0
1 7 55 0
1 7 56 0
1 7 57 0
1 7 58 0
1 7 59 0
1 7 60 0
1 7 61 0
1 7 62 0
1 7 63 0
2 0 0 0
2 0 1 0
2 0 2 4
2 0 3 23
2 0 4 0
2 0 5 0
2 0 6 0
2 0 7 37
2 0 8 0
2 0 9 0
2 0 10 0
2 0 11 0
2 0 12 0
2 0 13 0
2 0 14 0
2 0 15 3
2 0 16 0
2 0 17 46
2 0 18 0
2 0 19 0
2 0 20 5
2 0 21 18
2 0 22 0
2 0 23 0
2 0 24 6
2 0 25 0
2 0 26 0
2 0 27 0
2 0 28 0
2 0 29 47
2 0 30 11
2 0 31 0
2 0 32 0
2 0 33 0
2 0 34 25
2 0 35 0
2 0 36 0
2 0 37 0
2 0 38 12
2 0 39 0
2 0 40 0
2 0 41 0
2 0 42 0
2 0 43 0
2 0 44 0
2 0 45 0
2 0 46 0
2 0 47 0
2 0 48 0
2 0 49 0
2 0 50 0
2 0 51 0
2 0 52 0
2 0 53 0
2 0 54 0
2 0 55 14
2 0 56 0
2 0 57 40
2 0 58 0
2 0 59 0
2 0 60 0
2 0 61 0
2 0 62 0
2 0 63 0
2 1 0 0
2 1 1 0
2 1 2 0
2 1 3 41
2 1 4 0
2 1 5 0
2 1 6 0
2 1 7 0
2 1 8 0
2 1 9 0
2 1 10 0
2 1 11 0
2 1 12 0
2 1 13 0
2 1 14 0
2 1 15 0
2 1 16 0
2 1 17 0
2 1 18 0
2 1 19 0
2 1 20 0
2 1 21 21
2 1 22 0
2 1 23 3
2 1 24 0
2 1 25 0
2 1 26 0
2 1 27 0
2 1 28 0
2 1 29 0
2 1 30 0
2 1 31 0
2 1 32 0
2 1 33 0
2 1 34 0
2 1 35 0
2 1 36 0
2 1 37 0
2 1 38 0
2 1 39 0
2 1 40 0
2 1 41 0
2 1 42 0
2 1 43 0
2 1 44 0
2 1 45 0
2 1 46 0
2 1 47 0
2 1 48 0
2 1 49 0
2 1 50 0
2 1 51 0
2 1 52 0
2 1 53 0
2 1 54 0
2 1 55 15
2 1 56 0
2 1 57 1
2 1 58 0
2 1 59 0
2 1 60 0
2 1 61 0
2 1 62 0
2 1 63 0
2 2 0 0
2 2 1 0
2 2 2 0
2 2 3 10
2 2 4 0
2 2 5 0
2 2 6 0
2 2 7 0
2 2 8 0
2 2 9 0
2 2 10 0
2 2 11 0
2 2 12 0
2 2 13 0
2 2 14 0
2 2 15 0
2 2 16 0
2 2 17 0
2 2 18 0
2 2 19 0
2 2 20 20
2 2 21 23
2 2 22 0
2 2 23 0
2 2 24 0
2 2 25 0
2 2 26 0
2 2 27 0
2 2 28 0
2 2 29 16
2 2 30 0
2 2 31 0
2 2 32 7
2 2 33 0
2 2 34 0
2 2 35 0
2 2 36 0
2 2 37 0
2 2 38 0
2 2 39 0
2 2 40 0
2 2 41 0
2 2 42 0
2 2 43 0
2 2 44 0
2 2 45 0
2 2 46 0
2 2 47 0
2 2 48 0
2 2 49 0
2 2 50 0
2 2 51 0
2 2 52 0
2 2 53 0
2 2 54 0
2 2 55 0
2 2 56 0
2 2 57 0
2 2 58 0
2 2 59 0
2 2 60 0
2 2 61 0
2 2 62 0
2 2 63 0
2 3 0 0
2 3 1 0
2 3 2 0
2 3 3 0
2 3 4 0
2 3 5 0
2 3 6 0
2 3 7 0
2 3 8 0
2 3 9 0
2 3 10 0
2 3 11 0
2 3 12 0
2 3 13 0
2 3 14 0
2 3 15 0
2 3 16 0
2 3 17 0
2 3 18 0
2 3 19 0
2 3 20 0
2 3 21 0
2 3 22 0
2 3 23 0
2 3 24 0
2 3 25 0
2 3 26 0
2 3 27 0
2 3 28 0
2 3 29 18
2 3 30 0
2 3 31 0
2 3 32 0
2 3 33 0
2 3 34 3
2 3 35 0
2 3 36 0
2 3 37 0
2 3 38 0
2 3 39 0
2 3 40 0
2 3 41 0
2 3 42 0
2 3 43 0
2 3 44 0
2 3 45 0
2 3 46 0
2 3 47 0
2 3 48 0
2 3 49 0
2 3 50 0
2 3 51 0
2 3 52 0
2 3 53 0
2 3 54 0
2 3 55 0
2 3 56 0
2 3 57 0
2 3 58 0
2 3 59 0
2 3 60 0
2 3 61 0
2 3 62 0
2 3 63 0
2 4 0 0
2 4 1 0
2 4 2 0
2 4 3 0
2 4 4 0
2 4 5 0
2 4 6 0
2 4 7 0
2 4 8 0
2 4 9 0
2 4 10 0
2 4 11 0
2 4 12 0
2 4 13 0
2 4 14 0
2 4 15 0
2 4 16 0
2 4 17 1
2 4 18 0
2 4 19 0
2 4 20 17
2 4 21 11
2 4 22 0
2 4 23 0
2 4 24 0
2 4 25 0
2 4 26 0
2 4 27 0
2 4 28 0
2 4 29 19
2 4 30 0
2 4 31 0
2 4 32 0
2 4 33 0
2 4 34 0
2 4 35 0
2 4 36 0
2 4 37 0
2 4 38 0
2 4 39 0
2 4 40 0
2 4 41 0
2 4 42 0
2 4 43 0
2 4 44 0
2 4 45 0
2 4 46 0
2 4 47 0
2 4 48 0
2 4 49 0
2 4 50 0
2 4 51 0
2 4 52 0
2 4 53 0
2 4 54 0
2 4 55 0
2 4 56 0
2 4 57 0
2 4 58 0
2 4 59 0
2 4 60 0
2 4 61 0
2 4 62 0
2 4 63 0
2 5 0 0
2 5 1 0
2 5 2 2
2 5 3 23
2 5 4 0
2 5 5 0
2 5 6 0
2 5 7 0
2 5 8 0
2 5 9 0
2 5 10 0
2 5 11 0
2 5 12 0
2 5 13 0
2 5 14 0
2 5 15 0
2 5 16 0
2 5 17 0
2 5 18 0
2 5 19 0
2 5 20 38
2 5 21 26
2 5 22 0
2 5 23 0
2 5 24 0
2 5 25 0
2 5 26 0
2 5 27 0
2 5 28 0
2 5 29 8
2 5 30 0
2 5 31 0
2 5 32 20
2 5 33 0
2 5 34 0
2 5 35 0
2 5 36 0
2 5 37 9
2 5 38 0
2 5 39 0
2 5 40 0
2 5 41 0
2 5 42 0
2 5 43 0
2 5 44 0
2 5 45 0
2 5 46 0
2 5 47 0
2 5 48 0
2 5 49 0
2 5 50 0
2 5 51 0
2 5 52 0
2 5 53 0
2 5 54 0
2 5 55 0
2 5 56 0
2 5 57 0
2 5 58 0
2 5 59 0
2 5 60 0
2 5 61 0
2 5 62 0
2 5 63 0
2 6 0 0
2 6 1 0
2 6 2 0
2 6 3 19
2 6 4 0
2 6 5 0
2 6 6 0
2 6 7 1
2 6 8 0
2 6 9 0
2 6 10 0
2 6 11 0
2 6 12 0
2 6 13 0
2 6 14 0
2 6 15 0
2 6 16 0
2 6 17 0
2 6 18 0
2 6 19 0
2 6 20 0
2 6 21 16
2 6 22 0
2 6 23 0
2 6 24 0
2 6 25 0
2 6 26 0
2 6 27 0
2 6 28 0
2 6 29 55
2 6 30 0
2 6 31 0
2 6 32 12
2 6 33 0
2 6 34 16
2 6 35 0
2 6 36 0
2 6 37 0
2 6 38 0
2 6 39 0
2 6 40 0
2 6 41 0
2 6 42 0
2 6 43 0
2 6 44 0
2 6 45 0
2 6 46 0
2 6 47 0
2 6 48 0
2 6 49 0
2 6 50 0
2 6 51 0
2 6 52 0
2 6 53 0
2 6 54 0
2 6 55 0
2 6 56 0
2 6 57 0
2 6 58 0
2 6 59 0
2 6 60 0
2 6 61 0
2 6 62 0
2 6 63 0
2 7 0 0
2 7 1 0
2 7 2 0
2 7 3 1
2 7 4 0
2 7 5 0
2 7 6 9
2 7 7 0
2 7 8 0
2 7 9 0
2 7 10 0
2 7 11 0
2 7 12 0
2 7 13 0
2 7 14 0
2 7 15 0
2 7 16 0
2 7 17 0
2 7 18 0
2 7 19 0
2 7 20 0
2 7 21 0
2 7 22 0
2 7 23 0
2 7 24 0
2 7 25 0
2 7 26 0
2 7 27 0
2 7 28 0
2 7 29 0
2 7 30 0
2 7 31 0
2 7 32 0
2 7 33 0
2 7 34 0
2 7 35 0
2 7 36 0
2 7 37 0
2 7 38 0
2 7 39 0
2 7 40 0
2 7 41 0
2 7 42 0
2 7 43 0
2 7 44 0
2 7 45 0
2 7 46 0
2 7 47 0
2 7 48 0
2 7 49 0
2 7 50 0
2 7 51 0
2 7 52 0
2 7 53 0
2 7 54 0
2 7 55 0
2 7 56 0
2 7 57 0
2 7 58 0
2 7 59 0
2 7 60 0
2 7 61 0
2 7 62 0
2 7 63 0
3 0 0 0
3 0 1 0
3 0 2 33
3 0 3 22
3 0 4 0
3 0 5 0
3 0 6 0
3 0 7 0
3 0 8 0
3 0 9 0
3 0 10 0
3 0 11 0
3 0 12 0
3 0 13 0
3 0 14 0
3 0 15 0
3 0 16 0
3 0 17 19
3 0 18 0
3 0 19 0
3 0 20 0
3 0 21 24
3 0 22 2
3 0 23 0
3 0 24 26
3 0 25 0
3 0 26 0
3 0 27 0
3 0 28 0
3 0 29 59
3 0 30 0
3 0 31 0
3 0 32 18
3 0 33 41
3 0 34 20
3 0 35 11
3 0 36 0
3 0 37 28
3 0 38 0
3 0 39 0
3 0 40 25
3 0 41 6
3 0 42 0
3 0 43 0
3 0 44 21
3 0 45 9
3 0 46 0
3 0 47 0
3 0 48 0
3 0 49 0
3 0 50 0
3 0 51 12
3 0 52 0
3 0 53 0
3 0 54 25
3 0 55 8
3 0 56 0
3 0 57 0
3 0 58 0
3 0 59 0
3 0 60 0
3 0 61 0
3 0 62 0
3 0 63 17
3 1 0 0
3 1 1 0
3 1 2 0
3 1 3 32
3 1 4 0
3 1 5 0
3 1 6 16
3 1 7 0
3 1 8 0
3 1 9 0
3 1 10 0
3 1 11 0
3 1 12 0
3 1 13 0
3 1 14 0
3 1 15 0
3 1 16 0
3 1 17 0
3 1 18 0
3 1 19 0
3 1 20 29
3 1 21 63
3 1 22 0
3 1 23 0
3 1 24 0
3 1 25 0
3 1 26 0
3 1 27 0
3 1 28 0
3 1 29 26
3 1 30 0
3 1 31 0
3 1 32 9
3 1 33 0
3 1 34 4
3 1 35 0
3 1 36 0
3 1 37 9
3 1 38 0
3 1 39 0
3 1 40 0
3 1 41 0
3 1 42 0
3 1 43 0
3 1 44 24
3 1 45 0
3 1 46 0
3 1 47 0
3 1 48 0
3 1 49 0
3 1 50 0
3 1 51 0
3 1 52 0
3 1 53 0
3 1 54 0
3 1 55 5
3 1 56 0
3 1 57 0
3 1 58 0
3 1 59 0
3 1 60 0
3 1 61 0
3 1 62 0
3 1 63 5
3 2 0 0
3 2 1 0
3 2 2 0
3 2 3 59
3 2 4 0
3 2 5 0
3 2 6 0
3 2 7 0
3 2 8 0
3 2 9 0
3 2 10 0
3 2 11 0
3 2 12 0
3 2 13 0
3 2 14 0
3 2 15 0
3 2 16 2
3 2 17 0
3 2 18 0
3 2 19 0
3 2 20 15
3 2 21 0
3 2 22 0
3 2 23 0
3 2 24 0
3 2 25 0
3 2 26 0
3 2 27 0
3 2 28 0
3 2 29 8
3 2 30 0
3 2 31 0
3 2 32 19
3 2 33 0
3 2 34 0
3 2 35 0
3 2 36 0
3 2 37 0
3 2 38 0
3 2 39 0
3 2 40 0
3 2 41 0
3 2 42 0
3 2 43 0
3 2 44 0
3 2 45 0
3 2 46 0
3 2 47 0
3 2 48 0
3 2 49 0
3 2 50 0
3 2 51 0
3 2 52 0
3 2 53 0
3 2 54 0
3 2 55 0
3 2 56 0
3 2 57 0
3 2 58 0
3 2 59 0
3 2 60 0
3 2 61 0
3 2 62 0
3 2 63 0
3 3 0 0
3 3 1 0
3 3 2 0
3 3 3 3
3 3 4 0
3 3 5 0
3 3 6 0
3 3 7 0
3 3 8 0
3 3 9 0
3 3 10 0
3 3 11 0
3 3 12 0
3 3 13 0
3 3 14 0
3 3 15 0
3 3 16 0
3 3 17 0
3 3 18 0
3 3 19 0
3 3 20 0
3 3 21 29
3 3 22 0
3 3 23 0
3 3 24 0
3 3 25 4
3 3 26 0
3 3 27 0
3 3 28 0
3 3 29 18
3 3 30 0
3 3 31 0
3 3 32 0
3 3 33 0
3 3 34 0
3 3 35 0
3 3 36 0
3 3 37 0
3 3 38 0
3 3 39 0
3 3 40 0
3 3 41 0
3 3 42 0
3 3 43 0
3 3 44 0
3 3 45 0
3 3 46 0
3 3 47 0
3 3 48 0
3 3 49 0
3 3 50 0
3 3 51 0
3 3 52 0
3 3 53 0
3 3 54 0
3 3 55 0
3 3 56 0
3 3 57 0
3 3 58 0
3 3 59 0
3 3 60 0
3 3 61 0
3 3 62 0
3 3 63 0
3 4 0 0
3 4 1 0
3 4 2 0
3 4 3 0
3 4 4 0
3 4 5 0
3 4 6 0
3 4 7 0
3 4 8 0
3 4 9 0
3 4 10 0
3 4 11 0
3 4 12 0
3 4 13 0
3 4 14 0
3 4 15 0
3 4 16 0
3 4 17 0
3 4 18 0
3 4 19 0
3 4 20 3
3 4 21 19
3 4 22 0
3 4 23 0
3 4 24 0
3 4 25 0
3 4 26 0
3 4 27 0
3 4 28 0
3 4 29 0
3 4 30 0
3 4 31 0
3 4 32 0
3 4 33 0
3 4 34 0
3 4 35 0
3 4 36 0
3 4 37 0
3 4 38 0
3 4 39 0
3 4 40 0
3 4 41 0
3 4 42 0
3 4 43 0
3 4 44 0
3 4 45 0
3 4 46 0
3 4 47 0
3 4 48 0
3 4 49 0
3 4 50 0
3 4 51 0
3 4 52 0
3 4 53 0
3 4 54 0
3 4 55 0
3 4 56 0
3 4 57 0
3 4 58 0
3 4 59 0
3 4 60 0
3 4 61 0
3 4 62 0
3 4 63 0
3 5 0 0
3 5 1 0
3 5 2 0
3 5 3 15
3 5 4 0
3 5 5 0
3 5 6 0
3 5 7 0
3 5 8 0
3 5 9 0
3 5 10 0
3 5 11 0
3 5 12 0
3 5 13 0
3 5 14 0
3 5 15 0
3 5 16 0
3 5 17 8
3 5 18 0
3 5 19 0
3 5 20 0
3 5 21 0
3 5 22 0
3 5 23 0
3 5 24 0
3 5 25 0
3 5 26 0
3 5 27 0
3 5 28 0
3 5 29 45
3 5 30 0
3 5 31 0
3 5 32 0
3 5 33 0
3 5 34 0
3 5 35 0
3 5 36 0
3 5 37 0
3 5 38 0
3 5 39 0
3 5 40 0
3 5 41 0
3 5 42 0
3 5 43 0
3 5 44 0
3 5 45 0
3 5 46 0
3 5 47 0
3 5 48 0
3 5 49 0
3 5 50 0
3 5 51 0
3 5 52 0
3 5 53 0
3 5 54 0
3 5 55 0
3 5 56 0
3 5 57 0
3 5 58 0
3 5 59 0
3 5 60 0
3 5 61 0
3 5 62 0
3 5 63 0
3 6 0 0
3 6 1 0
3 6 2 0
3 6 3 29
3 6 4 0
3 6 5 0
3 6 6 0
3 6 7 1
3 6 8 0
3 6 9 0
3 6 10 0
3 6 11 0
3 6 12 0
3 6 13 0
3 6 14 0
3 6 15 0
3 6 16 0
3 6 17 0
3 6 18 0
3 6 19 0
3 6 20 18
3 6 21 4
3 6 22 0
3 6 23 0
3 6 24 0
3 6 25 0
3 6 26 0
3 6 27 0
3 6 28 0
3 6 29 0
3 6 30 0
3 6 31 0
3 6 32 2
3 6 33 0
3 6 34 0
3 6 35 0
3 6 36 0
3 6 37 0
3 6 38 0
3 6 39 0
3 6 40 0
3 6 41 0
3 6 42 0
3 6 43 0
3 6 44 1
3 6 45 0
3 6 46 0
3 6 47 0
3 6 48 0
3 6 49 0
3 6 50 0
3 6 51 0
3 6 52 0
3 6 53 0
3 6 54 0
3 6 55 0
3 6 56 0
3 6 57 8
3 6 58 0
3 6 59 0
3 6 60 0
3 6 61 0
3 6 62 0
3 6 63 0
3 7 0 0
3 7 1 0
3 7 2 0
3 7 3 0
3 7 4 0
3 7 5 0
3 7 6 0
3 7 7 0
3 7 8 0
3 7 9 0
3 7 10 0
3 7 11 0
3 7 12 0
3 7 13 0
3 7 14 0
3 7 15 0
3 7 16 0
3 7 17 0
3 7 18 0
3 7 19 0
3 7 20 0
3 7 21 5
3 7 22 2
3 7 23 0
3 7 24 0
3 7 25 0
3 7 26 0
3 7 27 0
3 7 28 4
3 7 29 0
3 7 30 0
3 7 31 0
3 7 32 22
3 7 33 0
3 7 34 18
3 7 35 0
3 7 36 0
3 7 37 0
3 7 38 0
3 7 39 0
3 7 40 0
3 7 41 0
3 7 42 0
3 7 43 0
3 7 44 0
3 7 45 0
3 7 46 0
3 7 47 0
3 7 48 0
3 7 49 0
3 7 50 0
3 7 51 0
3 7 52 0
3 7 53 0
3 7 54 0
3 7 55 0
3 7 56 0
3 7 57 0
3 7 58 0
3 7 59 0
3 7 60 0
3 7 61 0
3 7 62 0
3 7 63 0
4 0 0 0
4 0 1 0
4 0 2 0
4 0 3 57
4 0 4 0
4 0 5 0
4 0 6 0
4 0 7 29
4 0 8 0
4 0 9 0
4 0 10 0
4 0 11 0
4 0 12 0
4 0 13 0
4 0 14 0
4 0 15 0
4 0 16 0
4 0 17 29
4 0 18 0
4 0 19 0
4 0 20 10
4 0 21 63
4 0 22 0
4 0 23 5
4 0 24 0
4 0 25 0
4 0 26 0
4 0 27 0
4 0 28 0
4 0 29 52
4 0 30 0
4 0 31 0
4 0 32 17
4 0 33 30
4 0 34 0
4 0 35 0
4 0 36 0
4 0 37 6
4 0 38 21
4 0 39 0
4 0 40 3
4 0 41 0
4 0 42 0
4 0 43 0
4 0 44 15
4 0 45 0
4 0 46 2
4 0 47 0
4 0 48 0
4 0 49 0
4 0 50 0
4 0 51 0
4 0 52 0
4 0 53 0
4 0 54 0
4 0 55 15
4 0 56 0
4 0 57 0
4 0 58 0
4 0 59 3
4 0 60 6
4 0 61 0
4 0 62 0
4 0 63 7
4 1 0 0
4 1 1 0
4 1 2 0
4 1 3 11
4 1 4 0
4 1 5 0
4 1 6 0
4 1 7 0
4 1 8 0
4 1 9 0
4 1 10 0
4 1 11 0
4 1 12 0
4 1 13 0
4 1 14 0
4 1 15 0
4 1 16 0
4 1 17 0
4 1 18 0
4 1 19 0
4 1 20 0
4 1 21 12
4 1 22 0
4 1 23 0
4 1 24 0
4 1 25 0
4 1 26 0
4 1 27 0
4 1 28 0
4 1 29 19
4 1 30 0
4 1 31 0
4 1 32 0
4 1 33 0
4 1 34 0
4 1 35 0
4 1 36 0
4 1 37 0
4 1 38 0
4 1 39 0
4 1 40 0
4 1 41 0
4 1 42 0
4 1 43 0
4 1 44 0
4 1 45 0
4 1 46 0
4 1 47 0
4 1 48 0
4 1 49 0
4 1 50 0
4 1 51 0
4 1 52 0
4 1 53 0
4 1 54 0
4 1 55 0
4 1 56 0
4 1 57 0
4 1 58 0
4 1 59 0
4 1 60 0
4 1 61 0
4 1 62 0
4 1 63 0
4 2 0 0
4 2 1 0
4 2 2 0
4 2 3 2
4 2 4 0
4 2 5 0
4 2 6 0
4 2 7 0
4 2 8 0
4 2 9 0
4 2 10 0
4 2 11 0
4 2 12 0
4 2 13 0
4 2 14 0
4 2 15 0
4 2 16 0
4 2 17 0
4 2 18 0
4 2 19 0
4 2 20 6
4 2 21 13
4 2 22 0
4 2 23 0
4 2 24 0
4 2 25 0
4 2 26 0
4 2 27 0
4 2 28 0
4 2 29 0
4 2 30 0
4 2 31 0
4 2 32 0
4 2 33 0
4 2 34 0
4 2 35 0
4 2 36 0
4 2 37 0
4 2 38 0
4 2 39 0
4 2 40 0
4 2 41 0
4 2 42 0
4 2 43 0
4 2 44 0
4 2 45 0
4 2 46 0
4 2 47 0
4 2 48 0
4 2 49 0
4 2 50 0
4 2 51 0
4 2 52 0
4 2 53 0
4 2 54 0
4 2 55 0
4 2 56 0
4 2 57 0
4 2 58 0
4 2 59 0
4 2 60 0
4 2 61 0
4 2 62 0
4 2 63 0
4 3 0 0
4 3 1 0
4 3 2 0
4 3 3 5
4 3 4 0
4 3 5 0
4 3 6 0
4 3 7 0
4 3 8 0
4 3 9 0
4 3 10 0
4 3 11 0
4 3 12 0
4 3 13 0
4 3 14 0
4 3 15 0
4 3 16 0
4 3 17 0
4 3 18 0
4 3 19 0
4 3 20 30
4 3 21 55
4 3 22 0
4 3 23 0
4 3 24 0
4 3 25 0
4 3 26 0
4 3 27 0
4 3 28 0
4 3 29 30
4 3 30 0
4 3 31 0
4 3 32 43
4 3 33 0
4 3 34 7
4 3 35 0
4 3 36 0
4 3 37 9
4 3 38 0
4 3 39 0
4 3 40 0
4 3 41 0
4 3 42 0
4 3 43 0
4 3 44 0
4 3 45 0
4 3 46 0
4 3 47 0
4 3 48 0
4 3 49 0
4 3 50 0
4 3 51 0
4 3 52 0
4 3 53 0
4 3 54 0
4 3 55 0
4 3 56 0
4 3 57 0
4 3 58 0
4 3 59 0
4 3 60 0
4 3 61 0
4 3 62 0
4 3 63 17
4 4 0 0
4 4 1 0
4 4 2 3
4 4 3 30
4 4 4 0
4 4 5 0
4 4 6 0
4 4 7 0
4 4 8 0
4 4 9 0
4 4 10 0
4 4 11 0
4 4 12 0
4 4 13 0
4 4 14 0
4 4 15 0
4 4 16 0
4 4 17 0
4 4 18 0
4 4 19 0
4 4 20 18
4 4 21 15
4 4 22 0
4 4 23 0
4 4 24 0
4 4 25 0
4 4 26 0
4 4 27 0
4 4 28 0
4 4 29 9
4 4 30 0
4 4 31 0
4 4 32 6
4 4 33 0
4 4 34 8
4 4 35 0
4 4 36 0
4 4 37 0
4 4 38 0
4 4 39 0
4 4 40 0
4 4 41 0
4 4 42 0
4 4 43 0
4 4 44 0
4 4 45 0
4 4 46 0
4 4 47 0
4 4 48 0
4 4 49 0
4 4 50 0
4 4 51 0
4 4 52 0
4 4 53 0
4 4 54 0
4 4 55 0
4 4 56 0
4 4 57 0
4 4 58 0
4 4 59 0
4 4 60 0
4 4 61 0
4 4 62 0
4 4 63 0
4 5 0 0
4 5 1 0
4 5 2 0
4 5 3 35
4 5 4 0
4 5 5 0
4 5 6 0
4 5 7 0
4 5 8 0
4 5 9 0
4 5 10 0
4 5 11 0
4 5 12 0
4 5 13 0
4 5 14 0
4 5 15 0
4 5 16 0
4 5 17 0
4 5 18 0
4 5 19 0
4 5 20 42
4 5 21 49
4 5 22 0
4 5 23 0
4 5 24 0
4 5 25 0
4 5 26 0
4 5 27 0
4 5 28 0
4 5 29 0
4 5 30 0
4 5 31 0
4 5 32 0
4 5 33 0
4 5 34 0
4 5 35 0
4 5 36 0
4 5 37 0
4 5 38 0
4 5 39 0
4 5 40 0
4 5 41 0
4 5 42 0
4 5 43 0
4 5 44 29
4 5 45 0
4 5 46 0
4 5 47 0
4 5 48 0
4 5 49 0
4 5 50 0
4 5 51 0
4 5 52 0
4 5 53 0
4 5 54 0
4 5 55 0
4 5 56 0
4 5 57 0
4 5 58 0
4 5 59 0
4 5 60 0
4 5 61 0
4 5 62 0
4 5 63 0
4 6 0 0
4 6 1 0
4 6 2 0
4 6 3 44
4 6 4 0
4 6 5 0
4 6 6 12
4 6 7 0
4 6 8 0
4 6 9 0
4 6 10 0
4 6 11 0
4 6 12 0
4 6 13 0
4 6 14 0
4 6 15 0
4 6 16 0
4 6 17 0
4 6 18 7
4 6 19 0
4 6 20 0
4 6 21 5
4 6 22 0
4 6 23 0
4 6 24 0
4 6 25 0
4 6 26 0
4 6 27 0
4 6 28 0
4 6 29 29
4 6 30 0
4 6 31 0
4 6 32 0
4 6 33 0
4 6 34 0
4 6 35 0
4 6 36 0
4 6 37 0
4 6 38 0
4 6 39 0
4 6 40 0
4 6 41 0
4 6 42 0
4 6 43 0
4 6 44 13
4 6 45 0
4 6 46 0
4 6 47 0
4 6 48 0
4 6 49 0
4 6 50 0
4 6 51 0
4 6 52 0
4 6 53 0
4 6 54 0
4 6 55 0
4 6 56 0
4 6 57 0
4 6 58 0
4 6 59 0
4 6 60 0
4 6 61 0
4 6 62 0
4 6 63 0
4 7 0 0
4 7 1 0
4 7 2 0
4 7 3 16
4 7 4 0
4 7 5 0
4 7 6 0
4 7 7 0
4 7 8 0
4 7 9 0
4 7 10 0
4 7 11 0
4 7 12 0
4 7 13 0
4 7 14 0
4 7 15 0
4 7 16 0
4 7 17 0
4 7 18 0
4 7 19 0
4 7 20 0
4 7 21 0
4 7 22 1
4 7 23 0
4 7 24 0
4 7 25 0
4 7 26 0
4 7 27 0
4 7 28 6
4 7 29 0
4 7 30 0
4 7 31 0
4 7 32 7
4 7 33 0
4 7 34 0
4 7 35 0
4 7 36 0
4 7 37 0
4 7 38 0
4 7 39 0
4 7 40 0
4 7 41 0
4 7 42 0
4 7 43 0
4 7 44 0
4 7 45 0
4 7 46 0
4 7 47 0
4 7 48 0
4 7 49 0
4 7 50 0
4 7 51 0
4 7 52 0
4 7 53 0
4 7 54 0
4 7 55 0
4 7 56 0
4 7 57 0
4 7 58 0
4 7 59 0
4 7 60 0
4 7 61 0
4 7 62 0
4 7 63 0
5 0 0 0
5 0 1 0
5 0 2 25
5 0 3 55
5 0 4 0
5 0 5 0
5 0 6 0
5 0 7 23
5 0 8 0
5 0 9 0
5 0 10 0
5 0 11 0
5 0 12 0
5 0 13 0
5 0 14 0
5 0 15 5
5 0 16 0
5 0 17 63
5 0 18 0
5 0 19 0
5 0 20 0
5 0 21 7
5 0 22 0
5 0 23 24
5 0 24 0
5 0 25 13
5 0 26 0
5 0 27 26
5 0 28 0
5 0 29 60
5 0 30 6
5 0 31 0
5 0 32 8
5 0 33 44
5 0 34 27
5 0 35 0
5 0 36 0
5 0 37 0
5 0 38 0
5 0 39 12
5 0 40 0
5 0 41 1
5 0 42 0
5 0 43 0
5 0 44 0
5 0 45 15
5 0 46 0
5 0 47 0
5 0 48 0
5 0 49 0
5 0 50 0
5 0 51 6
5 0 52 0
5 0 53 0
5 0 54 0
5 0 55 17
5 0 56 0
5 0 57 2
5 0 58 0
5 0 59 0
5 0 60 19
5 0 61 0
5 0 62 0
5 0 63 24
5 1 0 0
5 1 1 0
5 1 2 0
5 1 3 36
5 1 4 0
5 1 5 0
5 1 6 0
5 1 7 0
5 1 8 0
5 1 9 0
5 1 10 0
5 1 11 0
5 1 12 0
5 1 13 0
5 1 14 0
5 1 15 0
5 1 16 0
5 1 17 0
5 1 18 0
5 1 19 0
5 1 20 18
5 1 21 0
5 1 22 0
5 1 23 0
5 1 24 0
5 1 25 0
5 1 26 0
5 1 27 0
5 1 28 0
5 1 29 32
5 1 30 0
5 1 31 0
5 1 32 20
5 1 33 0
5 1 34 0
5 1 35 0
5 1 36 0
5 1 37 0
5 1 38 0
5 1 39 0
5 1 40 0
5 1 41 0
5 1 42 0
5 1 43 0
5 1 44 0
5 1 45 0
5 1 46 0
5 1 47 0
5 1 48 0
5 1 49 0
5 1 50 0
5 1 51 0
5 1 52 0
5 1 53 0
5 1 54 0
5 1 55 0
5 1 56 0
5 1 57 2
5 1 58 0
5 1 59 0
5 1 60 0
5 1 61 0
5 1 62 0
5 1 63 0
5 2 0 0
5 2 1 0
5 2 2 0
5 2 3 62
5 2 4 0
5 2 5 0
5 2 6 0
5 2 7 0
5 2 8 0
5 2 9 0
5 2 10 0
5 2 11 0
5 2 12 0
5 2 13 0
5 2 14 0
5 2 15 0
5 2 16 0
5 2 17 0
5 2 18 0
5 2 19 0
5 2 20 0
5 2 21 0
5 2 22 0
5 2 23 0
5 2 24 0
5 2 25 0
5 2 26 0
5 2 27 0
5 2 28 0
5 2 29 52
5 2 30 0
5 2 31 0
5 2 32 0
5 2 33 0
5 2 34 0
5 2 35 0
5 2 36 0
5 2 37 0
5 2 38 0
5 2 39 0
5 2 40 0
5 2 41 0
5 2 42 0
5 2 43 0
5 2 44 0
5 2 45 0
5 2 46 0
5 2 47 0
5 2 48 0
5 2 49 0
5 2 50 0
5 2 51 0
5 2 52 0
5 2 53 0
5 2 54 0
5 2 55 0
5 2 56 0
5 2 57 0
5 2 58 0
5 2 59 0
5 2 60 0
5 2 61 0
5 2 62 0
5 2 63 0
5 3 0 0
5 3 1 0
5 3 2 0
5 3 3 37
5 3 4 0
5 3 5 0
5 3 6 0
5 3 7 0
5 3 8 0
5 3 9 0
5 3 10 0
5 3 11 0
5 3 12 0
5 3 13 0
5 3 14 0
5 3 15 0
5 3 16 0
5 3 17 0
5 3 18 0
5 3 19 0
5 3 20 0
5 3 21 0
5 3 22 0
5 3 23 0
5 3 24 0
5 3 25 23
5 3 26 0
5 3 27 0
5 3 28 0
5 3 29 58
5 3 30 0
5 3 31 0
5 3 32 0
5 3 33 0
5 3 34 3
5 3 35 0
5 3 36 0
5 3 37 0
5 3 38 0
5 3 39 0
5 3 40 0
5 3 41 0
5 3 42 0
5 3 43 0
5 3 44 0
5 3 45 0
5 3 46 0
5 3 47 0
5 3 48 0
5 3 49 0
5 3 50 0
5 3 51 0
5 3 52 0
5 3 53 0
5 3 54 0
5 3 55 0
5 3 56 0
5 3 57 0
5 3 58 0
5 3 59 0
5 3 60 0
5 3 61 0
5 3 62 0
5 3 63 0
5 4 0 0
5 4 1 0
5 4 2 0
5 4 3 0
5 4 4 0
5 4 5 0
5 4 6 0
5 4 7 0
5 4 8 0
5 4 9 0
5 4 10 0
5 4 11 0
5 4 12 0
5 4 13 0
5 4 14 0
5 4 15 0
5 4 16 0
5 4 17 6
5 4 18 0
5 4 19 0
5 4 20 8
5 4 21 0
5 4 22 0
5 4 23 0
5 4 24 0
5 4 25 0
5 4 26 0
5 4 27 0
5 4 28 0
5 4 29 0
5 4 30 0
5 4 31 0
5 4 32 0
5 4 33 0
5 4 34 30
5 4 35 0
5 4 36 0
5 4 37 0
5 4 38 0
5 4 39 0
5 4 40 0
5 4 41 0
5 4 42 0
5 4 43 0
5 4 44 0
5 4 45 0
5 4 46 0
5 4 47 0
5 4 48 0
5 4 49 0
5 4 50 0
5 4 51 0
5 4 52 0
5 4 53 0
5 4 54 0
5 4 55 0
5 4 56 0
5 4 57 0
5 4 58 0
5 4 59 0
5 4 60 0
5 4 61 0
5 4 62 0
5 4 63 0
5 5 0 0
5 5 1 0
5 5 2 0
5 5 3 30
5 5 4 0
5 5 5 0
5 5 6 17
5 5 7 0
5 5 8 0
5 5 9 0
5 5 10 0
5 5 11 0
5 5 12 0
5 5 13 0
5 5 14 0
5 5 15 0
5 5 16 0
5 5 17 0
5 5 18 0
5 5 19 0
5 5 20 11
5 5 21 0
5 5 22 0
5 5 23 0
5 5 24 0
5 5 25 0
5 5 26 0
5 5 27 0
5 5 28 0
5 5 29 0
5 5 30 0
5 5 31 0
5 5 32 0
5 5 33 0
5 5 34 0
5 5 35 0
5 5 36 0
5 5 37 0
5 5 38 0
5 5 39 0
5 5 40 0
5 5 41 0
5 5 42 0
5 5 43 0
5 5 44 0
5 5 45 0
5 5 46 0
5 5 47 0
5 5 48 0
5 5 49 0
5 5 50 0
5 5 51 0
5 5 52 0
5 5 53 0
5 5 54 0
5 5 55 0
5 5 56 0
5 5 57 0
5 5 58 0
5 5 59 0
5 5 60 0
5 5 61 0
5 5 62 0
5 5 63 0
5 6 0 0
5 6 1 0
5 6 2 1
5 6 3 19
5 6 4 0
5 6 5 0
5 6 6 0
5 6 7 0
5 6 8 0
5 6 9 0
5 6 10 0
5 6 11 0
5 6 12 0
5 6 13 0
5 6 14 0
5 6 15 0
5 6 16 0
5 6 17 0
5 6 18 0
5 6 19 0
5 6 20 2
5 6 21 28
5 6 22 0
5 6 23 0
5 6 24 0
5 6 25 0
5 6 26 0
5 6 27 0
5 6 28 0
5 6 29 58
5 6 30 0
5 6 31 0
5 6 32 0
5 6 33 0
5 6 34 3
5 6 35 0
5 6 36 0
5 6 37 0
5 6 38 0
5 6 39 0
5 6 40 0
5 6 41 0
5 6 42 0
5 6 43 0
5 6 44 0
5 6 45 0
5 6 46 0
5 6 47 0
5 6 48 0
5 6 49 0
5 6 50 0
5 6 51 0
5 6 52 0
5 6 53 0
5 6 54 0
5 6 55 0
5 6 56 0
5 6 57 0
5 6 58 0
5 6 59 0
5 6 60 0
5 6 61 0
5 6 62 0
5 6 63 0
5 7 0 0
5 7 1 0
5 7 2 0
5 7 3 0
5 7 4 0
5 7 5 0
5 7 6 7
5 7 7 0
5 7 8 0
5 7 9 0
5 7 10 0
5 7 11 0
5 7 12 0
5 7 13 0
5 7 14 0
5 7 15 0
5 7 16 0
5 7 17 0
5 7 18 0
5 7 19 0
5 7 20 0
5 7 21 5
5 7 22 0
5 7 23 0
5 7 24 0
5 7 25 0
5 7 26 0
5 7 27 0
5 7 28 0
5 7 29 0
5 7 30 0
5 7 31 0
5 7 32 5
5 7 33 0
5 7 34 0
5 7 35 0
5 7 36 0
5 7 37 0
5 7 38 0
5 7 39 0
5 7 40 0
5 7 41 0
5 7 42 0
5 7 43 0
5 7 44 0
5 7 45 0
5 7 46 0
5 7 47 0
5 7 48 0
5 7 49 0
5 7 50 0
5 7 51 0
5 7 52 0
5 7 53 0
5 7 54 0
5 7 55 0
5 7 56 0
5 7 57 0
5 7 58 0
5 7 59 0
5 7 60 0
5 7 61 0
5 7 62 0
5 7 63 0
6 0 0 0
6 0 1 0
6 0 2 6
6 0 3 63
6 0 4 0
6 0 5 0
6 0 6 0
6 0 7 38
6 0 8 0
6 0 9 0
6 0 10 0
6 0 11 0
6 0 12 0
6 0 13 0
6 0 14 0
6 0 15 13
6 0 16 0
6 0 17 46
6 0 18 0
6 0 19 0
6 0 20 0
6 0 21 25
6 0 22 0
6 0 23 20
6 0 24 0
6 0 25 0
6 0 26 0
6 0 27 0
6 0 28 0
6 0 29 26
6 0 30 0
6 0 31 0
6 0 32 22
6 0 33 24
6 0 34 0
6 0 35 0
6 0 36 0
6 0 37 0
6 0 38 14
6 0 39 0
6 0 40 39
6 0 41 0
6 0 42 0
6 0 43 0
6 0 44 0
6 0 45 0
6 0 46 0
6 0 47 0
6 0 48 0
6 0 49 0
6 0 50 0
6 0 51 37
6 0 52 0
6 0 53 0
6 0 54 0
6 0 55 0
6 0 56 0
6 0 57 9
6 0 58 0
6 0 59 0
6 0 60 21
6 0 61 12
6 0 62 0
6 0 63 5
6 1 0 0
6 1 1 0
6 1 2 0
6 1 3 19
6 1 4 0
6 1 5 0
6 1 6 0
6 1 7 0
6 1 8 0
6 1 9 0
6 1 10 0
6 1 11 0
6 1 12 0
6 1 13 0
6 1 14 0
6 1 15 0
6 1 16 0
6 1 17 0
6 1 18 0
6 1 19 0
6 1 20 5
6 1 21 9
6 1 22 0
6 1 23 0
6 1 24 0
6 1 25 0
6 1 26 0
6 1 27 0
6 1 28 0
6 1 29 0
6 1 30 0
6 1 31 0
6 1 32 33
6 1 33 0
6 1 34 0
6 1 35 0
6 1 36 0
6 1 37 0
6 1 38 0
6 1 39 0
6 1 40 0
6 1 41 0
6 1 42 0
6 1 43 0
6 1 44 0
6 1 45 0
6 1 46 0
6 1 47 0
6 1 48 0
6 1 49 0
6 1 50 0
6 1 51 0
6 1 52 0
6 1 53 0
6 1 54 0
6 1 55 0
6 1 56 0
6 1 57 0
6 1 58 0
6 1 59 0
6 1 60 0
6 1 61 0
6 1 62 0
6 1 63 0
6 2 0 0
6 2 1 0
6 2 2 0
6 2 3 0
6 2 4 0
6 2 5 0
6 2 6 0
6 2 7 0
6 2 8 0
6 2 9 0
6 2 10 0
6 2 11 0
6 2 12 0
6 2 13 0
6 2 14 0
6 2 15 0
6 2 16 0
6 2 17 0
6 2 18 0
6 2 19 0
6 2 20 1
6 2 21 21
6 2 22 0
6 2 23 0
6 2 24 0
6 2 25 0
6 2 26 0
6 2 27 0
6 2 28 0
6 2 29 0
6 2 30 0
6 2 31 0
6 2 32 0
6 2 33 0
6 2 34 0
6 2 35 0
6 2 36 0
6 2 37 0
6 2 38 0
6 2 39 0
6 2 40 0
6 2 41 0
6 2 42 0
6 2 43 0
6 2 44 10
6 2 45 0
6 2 46 0
6 2 47 0
6 2 48 0
6 2 49 0
6 2 50 0
6 2 51 0
6 2 52 0
6 2 53 0
6 2 54 0
6 2 55 0
6 2 56 0
6 2 57 0
6 2 58 0
6 2 59 0
6 2 60 0
6 2 61 0
6 2 62 0
6 2 63 0
6 3 0 0
6 3 1 0
6 3 2 0
6 3 3 50
6 3 4 0
6 3 5 0
6 3 6 0
6 3 7 0
6 3 8 0
6 3 9 0
6 3 10 0
6 3 11 0
6 3 12 0
6 3 13 0
6 3 14 0
6 3 15 0
6 3 16 0
6 3 17 0
6 3 18 0
6 3 19 0
6 3 20 34
6 3 21 0
6 3 22 0
6 3 23 0
6 3 24 0
6 3 25 0
6 3 26 0
6 3 27 0
6 3 28 0
6 3 29 40
6 3 30 0
6 3 31 0
6 3 32 46
6 3 33 0
6 3 34 0
6 3 35 0
6 3 36 0
6 3 37 0
6 3 38 0
6 3 39 0
6 3 40 0
6 3 41 1
6 3 42 0
6 3 43 0
6 3 44 0
6 3 45 0
6 3 46 0
6 3 47 0
6 3 48 0
6 3 49 0
6 3 50 0
6 3 51 0
6 3 52 0
6 3 53 0
6 3 54 0
6 3 55 2
6 3 56 0
6 3 57 0
6 3 58 0
6 3 59 0
6 3 60 0
6 3 61 0
6 3 62 0
6 3 63 0
6 4 0 0
6 4 1 0
6 4 2 0
6 4 3 5
6 4 4 0
6 4 5 0
6 4 6 0
6 4 7 0
6 4 8 0
6 4 9 0
6 4 10 0
6 4 11 0
6 4 12 0
6 4 13 0
6 4 14 0
6 4 15 0
6 4 16 0
6 4 17 0
6 4 18 0
6 4 19 0
6 4 20 18
6 4 21 37
6 4 22 0
6 4 23 0
6 4 24 0
6 4 25 0
6 4 26 0
6 4 27 0
6 4 28 0
6 4 29 0
6 4 30 0
6 4 31 0
6 4 32 16
6 4 33 0
6 4 34 0
6 4 35 0
6 4 36 0
6 4 37 0
6 4 38 0
6 4 39 0
6 4 40 0
6 4 41 0
6 4 42 0
6 4 43 0
6 4 44 0
6 4 45 0
6 4 46 0
6 4 47 0
6 4 48 0
6 4 49 0
6 4 50 0
6 4 51 0
6 4 52 0
6 4 53 0
6 4 54 0
6 4 55 0
6 4 56 0
6 4 57 0
6 4 58 0
6 4 59 0
6 4 60 0
6 4 61 0
6 4 62 0
6 4 63 0
6 5 0 0
6 5 1 0
6 5 2 0
6 5 3 7
6 5 4 0
6 5 5 0
6 5 6 0
6 5 7 0
6 5 8 0
6 5 9 0
6 5 10 0
6 5 11 0
6 5 12 0
6 5 13 0
6 5 14 0
6 5 15 0
6 5 16 0
6 5 17 0
6 5 18 0
6 5 19 0
6 5 20 6
6 5 21 0
6 5 22 1
6 5 23 0
6 5 24 0
6 5 25 0
6 5 26 0
6 5 27 0
6 5 28 0
6 5 29 0
6 5 30 0
6 5 31 0
6 5 32 0
6 5 33 0
6 5 34 0
6 5 35 0
6 5 36 0
6 5 37 0
6 5 38 0
6 5 39 0
6 5 40 0
6 5 41 0
6 5 42 0
6 5 43 0
6 5 44 0
6 5 45 0
6 5 46 0
6 5 47 0
6 5 48 0
6 5 49 0
6 5 50 0
6 5 51 0
6 5 52 0
6 5 53 0
6 5 54 0
6 5 55 0
6 5 56 0
6 5 57 0
6 5 58 0
6 5 59 0
6 5 60 0
6 5 61 0
6 5 62 0
6 5 63 0
6 6 0 0
6 6 1 0
6 6 2 0
6 6 3 16
6 6 4 0
6 6 5 0
6 6 6 0
6 6 7 0
6 6 8 0
6 6 9 0
6 6 10 0
6 6 11 0
6 6 12 0
6 6 13 0
6 6 14 0
6 6 15 0
6 6 16 0
6 6 17 0
6 6 18 0
6 6 19 0
6 6 20 32
6 6 21 33
6 6 22 0
6 6 23 0
6 6 24 0
6 6 25 0
6 6 26 0
6 6 27 0
6 6 28 0
6 6 29 48
6 6 30 0
6 6 31 0
6 6 32 30
6 6 33 0
6 6 34 0
6 6 35 0
6 6 36 0
6 6 37 0
6 6 38 0
6 6 39 0
6 6 40 0
6 6 41 0
6 6 42 0
6 6 43 0
6 6 44 0
6 6 45 0
6 6 46 0
6 6 47 0
6 6 48 0
6 6 49 0
6 6 50 0
6 6 51 0
6 6 52 0
6 6 53 0
6 6 54 0
6 6 55 0
6 6 56 0
6 6 57 0
6 6 58 0
6 6 59 0
6 6 60 0
6 6 61 0
6 6 62 0
6 6 63 0
6 7 0 0
6 7 1 0
6 7 2 0
6 7 3 63
6 7 4 0
6 7 5 0
6 7 6 0
6 7 7 0
6 7 8 0
6 7 9 0
6 7 10 0
6 7 11 0
6 7 12 0
6 7 13 0
6 7 14 0
6 7 15 0
6 7 16 0
6 7 17 0
6 7 18 0
6 7 19 0
6 7 20 0
6 7 21 0
6 7 22 0
6 7 23 0
6 7 24 0
6 7 25 0
6 7 26 0
6 7 27 0
6 7 28 0
6 7 29 0
6 7 30 0
6 7 31 0
6 7 32 0
6 7 33 0
6 7 34 0
6 7 35 0
6 7 36 0
6 7 37 0
6 7 38 0
6 7 39 0
6 7 40 0
6 7 41 0
6 7 42 0
6 7 43 0
6 7 44 0
6 7 45 0
6 7 46 0
6 7 47 0
6 7 48 0
6 7 49 0
6 7 50 0
6 7 51 0
6 7 52 0
6 7 53 0
6 7 54 0
6 7 55 0
6 7 56 0
6 7 57 0
6 7 58 0
6 7 59 0
6 7 60 0
6 7 61 0
6 7 62 0
6 7 63 0
7 0 0 0
7 0 1 0
7 0 2 0
7 0 3 0
7 0 4 0
7 0 5 0
7 0 6 0
7 0 7 0
7 0 8 0
7 0 9 0
7 0 10 0
7 0 11 0
7 0 12 0
7 0 13 0
7 0 14 0
7 0 15 0
7 0 16 0
7 0 17 28
7 0 18 0
7 0 19 0
7 0 20 0
7 0 21 7
7 0 22 0
7 0 23 0
7 0 24 0
7 0 25 0
7 0 26 0
7 0 27 0
7 0 28 0
7 0 29 62
7 0 30 0
7 0 31 0
7 0 32 0
7 0 33 0
7 0 34 0
7 0 35 0
7 0 36 0
7 0 37 0
7 0 38 0
7 0 39 0
7 0 40 0
7 0 41 0
7 0 42 0
7 0 43 0
7 0 44 0
7 0 45 0
7 0 46 0
7 0 47 0
7 0 48 0
7 0 49 0
7 0 50 0
7 0 51 0
7 0 52 0
7 0 53 0
7 0 54 0
7 0 55 0
7 0 56 0
7 0 57 6
7 0 58 0
7 0 59 0
7 0 60 13
7 0 61 0
7 0 62 0
7 0 63 0
7 1 0 0
7 1 1 0
7 1 2 0
7 1 3 0
7 1 4 0
7 1 5 0
7 1 6 0
7 1 7 0
7 1 8 0
7 1 9 0
7 1 10 0
7 1 11 0
7 1 12 0
7 1 13 0
7 1 14 0
7 1 15 0
7 1 16 0
7 1 17 0
7 1 18 0
7 1 19 0
7 1 20 0
7 1 21 0
7 1 22 0
7 1 23 0
7 1 24 0
7 1 25 0
7 1 26 0
7 1 27 0
7 1 28 0
7 1 29 39
7 1 30 0
7 1 31 0
7 1 32 0
7 1 33 0
7 1 34 0
7 1 35 0
7 1 36 0
7 1 37 0
7 1 38 0
7 1 39 0
7 1 40 0
7 1 41 0
7 1 42 0
7 1 43 0
7 1 44 0
7 1 45 0
7 1 46 0
7 1 47 0
7 1 48 0
7 1 49 0
7 1 50 0
7 1 51 0
7 1 52 0
7 1 53 0
7 1 54 0
7 1 55 0
7 1 56 0
7 1 57 0
7 1 58 0
7 1 59 0
7 1 60 0
7 1 61 0
7 1 62 0
7 1 63 0
7 2 0 0
7 2 1 0
7 2 2 0
7 2 3 4
7 2 4 0
7 2 5 0
7 2 6 0
7 2 7 0
7 2 8 0
7 2 9 0
7 2 10 0
7 2 11 0
7 2 12 0
7 2 13 0
7 2 14 0
7 2 15 0
7 2 16 0
7 2 17 16
7 2 18 0
7 2 19 0
7 2 20 0
7 2 21 0
7 2 22 0
7 2 23 0
7 2 24 0
7 2 25 0
7 2 26 0
7 2 27 0
7 2 28 0
7 2 29 23
7 2 30 0
7 2 31 0
7 2 32 0
7 2 33 0
7 2 34 0
7 2 35 0
7 2 36 0
7 2 37 0
7 2 38 0
7 2 39 0
7 2 40 0
7 2 41 0
7 2 42 0
7 2 43 0
7 2 44 0
7 2 45 0
7 2 46 0
7 2 47 0
7 2 48 0
7 2 49 0
7 2 50 0
7 2 51 0
7 2 52 0
7 2 53 0
7 2 54 0
7 2 55 0
7 2 56 0
7 2 57 0
7 2 58 0
7 2 59 0
7 2 60 0
7 2 61 0
7 2 62 0
7 2 63 0
7 3 0 0
7 3 1 0
7 3 2 0
7 3 3 0
7 3 4 0
7 3 5 0
7 3 6 0
7 3 7 0
7 3 8 0
7 3 9 0
7 3 10 0
7 3 11 0
7 3 12 0
7 3 13 0
7 3 14 0
7 3 15 0
7 3 16 0
7 3 17 17
7 3 18 0
7 3 19 0
7 3 20 0
7 3 21 0
7 3 22 0
7 3 23 0
7 3 24 0
7 3 25 0
7 3 26 0
7 3 27 0
7 3 28 0
7 3 29 61
7 3 30 0
7 3 31 0
7 3 32 0
7 3 33 0
7 3 34 0
7 3 35 0
7 3 36 0
7 3 37 0
7 3 38 0
7 3 39 0
7 3 40 0
7 3 41 0
7 3 42 0
7 3 43 0
7 3 44 0
7 3 45 0
7 3 46 0
7 3 47 0
7 3 48 0
7 3 49 0
7 3 50 0
7 3 51 0
7 3 52 0
7 3 53 0
7 3 54 0
7 3 55 0
7 3 56 0
7 3 57 0
7 3 58 0
7 3 59 0
7 3 60 0
7 3 61 0
7 3 62 0
7 3 63 0
7 4 0 0
7 4 1 0
7 4 2 0
7 4 3 0
7 4 4 0
7 4 5 0
7 4 6 1
7 4 7 0
7 4 8 0
7 4 9 0
7 4 10 0
7 4 11 0
7 4 12 0
7 4 13 0
7 4 14 0
7 4 15 0
7 4 16 0
7 4 17 21
7 4 18 0
7 4 19 0
7 4 20 0
7 4 21 0
7 4 22 0
7 4 23 0
7 4 24 0
7 4 25 0
7 4 26 0
7 4 27 0
7 4 28 0
7 4 29 25
7 4 30 0
7 4 31 0
7 4 32 0
7 4 33 0
7 4 34 0
7 4 35 0
7 4 36 0
7 4 37 0
7 4 38 0
7 4 39 0
7 4 40 0
7 4 41 0
7 4 42 0
7 4 43 0
7 4 44 0
7 4 45 0
7 4 46 0
7 4 47 0
7 4 48 0
7 4 49 0
7 4 50 0
7 4 51 0
7 4 52 0
7 4 53 0
7 4 54 0
7 4 55 0
7 4 56 0
7 4 57 0
7 4 58 0
7 4 59 0
7 4 60 0
7 4 61 0
7 4 62 0
7 4 63 0
7 5 0 0
7 5 1 0
7 5 2 0
7 5 3 24
7 5 4 0
7 5 5 0
7 5 6 0
7 5 7 0
7 5 8 0
7 5 9 0
7 5 10 0
7 5 11 0
7 5 12 0
7 5 13 0
7 5 14 0
7 5 15 0
7 5 16 0
7 5 17 7
7 5 18 0
7 5 19 0
7 5 20 0
7 5 21 0
7 5 22 0
7 5 23 0
7 5 24 0
7 5 25 0
7 5 26 0
7 5 27 0
7 5 28 0
7 5 29 21
7 5 30 0
7 5 31 0
7 5 32 0
7 5 33 0
7 5 34 0
7 5 35 0
7 5 36 0
7 5 37 0
7 5 38 0
7 5 39 0
7 5 40 0
7 5 41 0
7 5 42 0
7 5 43 0
7 5 44 0
7 5 45 0
7 5 46 0
7 5 47 0
7 5 48 0
7 5 49 0
7 5 50 0
7 5 51 0
7 5 52 0
7 5 53 0
7 5 54 0
7 5 55 0
7 5 56 0
7 5 57 0
7 5 58 0
7 5 59 0
7 5 60 0
7 5 61 0
7 5 62 0
7 5 63 0
7 6 0 0
7 6 1 0
7 6 2 0
7 6 3 0
7 6 4 0
7 6 5 0
7 6 6 0
7 6 7 0
7 6 8 0
7 6 9 0
7 6 10 0
7 6 11 0
7 6 12 0
7 6 13 0
7 6 14 0
7 6 15 0
7 6 16 0
7 6 17 0
7 6 18 0
7 6 19 0
7 6 20 0
7 6 21 0
7 6 22 0
7 6 23 0
7 6 24 0
7 6 25 0
7 6 26 0
7 6 27 0
7 6 28 0
7 6 29 26
7 6 30 0
7 6 31 0
7 6 32 0
7 6 33 0
7 6 34 0
7 6 35 0
7 6 36 0
7 6 37 0
7 6 38 0
7 6 39 0
7 6 40 0
7 6 41 0
7 6 42 0
7 6 43 0
7 6 44 0
7 6 45 0
7 6 46 0
7 6 47 0
7 6 48 0
7 6 49 0
7 6 50 0
7 6 51 0
7 6 52 0
7 6 53 0
7 6 54 0
7 6 55 0
7 6 56 0
7 6 57 0
7 6 58 0
7 6 59 0
7 6 60 0
7 6 61 0
7 6 62 0
7 6 63 0
7 7 0 0
7 7 1 0
7 7 2 0
7 7 3 0
7 7 4 0
7 7 5 0
7 7 6 26
7 7 7 0
7 7 8 0
7 7 9 0
7 7 10 0
7 7 11 0
7 7 12 0
7 7 13 0
7 7 14 0
7 7 15 0
7 7 16 0
7 7 17 0
7 7 18 0
7 7 19 0
7 7 20 0
7 7 21 0
7 7 22 0
7 7 23 0
7 7 24 0
7 7 25 0
7 7 26 0
7 7 27 0
7 7 28 0
7 7 29 0
7 7 30 0
7 7 31 0
7 7 32 0
7 7 33 0
7 7 34 0
7 7 35 0
7 7 36 0
7 7 37 0
7 7 38 0
7 7 39 0
7 7 40 0
7 7 41 0
7 7 42 0
7 7 43 0
7 7 44 0
7 7 45 0
7 7 46 0
7 7 47 0
7 7 48 0
7 7 49 0
7 7 50 0
7 7 51 0
7 7 52 0
7 7 53 0
7 7 54 0
7 7 55 0
7 7 56 0
7 7 57 0
7 7 58 0
7 7 59 0
7 7 60 0
7 7 61 0
7 7 62 0
7 7 63 0
