0 0 0 0
0 0 1 1
0 0 2 58
0 0 3 0
0 0 4 39
0 0 5 63
0 0 6 41
0 0 7 49
0 0 8 0
0 0 9 62
0 0 10 63
0 0 11 20
0 0 12 56
0 0 13 58
0 0 14 31
0 0 15 60
0 0 16 42
0 0 17 62
0 0 18 53
0 0 19 18
0 0 20 0
0 0 21 52
0 0 22 8
0 0 23 17
0 0 24 51
0 0 25 23
0 0 26 63
0 0 27 21
0 0 28 19
0 0 29 28
0 0 30 17
0 0 31 34
0 1 0 0
0 1 1 0
0 1 2 0
0 1 3 0
0 1 4 51
0 1 5 59
0 1 6 49
0 1 7 0
0 1 8 18
0 1 9 9
0 1 10 39
0 1 11 0
0 1 12 0
0 1 13 34
0 1 14 0
0 1 15 0
0 1 16 0
0 1 17 62
0 1 18 29
0 1 19 6
0 1 20 0
0 1 21 38
0 1 22 0
0 1 23 0
0 1 24 0
0 1 25 0
0 1 26 0
0 1 27 0
0 1 28 7
0 1 29 0
0 1 30 0
0 1 31 30
0 2 0 0
0 2 1 0
0 2 2 22
0 2 3 0
0 2 4 28
0 2 5 14
0 2 6 19
0 2 7 0
0 2 8 0
0 2 9 0
0 2 10 58
0 2 11 0
0 2 12 27
0 2 13 62
0 2 14 0
0 2 15 33
0 2 16 15
0 2 17 63
0 2 18 38
0 2 19 0
0 2 20 0
0 2 21 44
0 2 22 0
0 2 23 53
0 2 24 0
0 2 25 13
0 2 26 14
0 2 27 0
0 2 28 0
0 2 29 0
0 2 30 22
0 2 31 0
0 3 0 0
0 3 1 0
0 3 2 0
0 3 3 25
0 3 4 0
0 3 5 0
0 3 6 9
0 3 7 0
0 3 8 0
0 3 9 13
0 3 10 0
0 3 11 0
0 3 12 0
0 3 13 4
0 3 14 0
0 3 15 0
0 3 16 0
0 3 17 37
0 3 18 0
0 3 19 0
0 3 20 0
0 3 21 0
0 3 22 0
0 3 23 0
0 3 24 0
0 3 25 0
0 3 26 0
0 3 27 0
0 3 28 0
0 3 29 0
0 3 30 0
0 3 31 0
1 0 0 0
1 0 1 0
1 0 2 0
1 0 3 0
1 0 4 1
1 0 5 36
1 0 6 0
1 0 7 5
1 0 8 0
1 0 9 58
1 0 10 63
1 0 11 10
1 0 12 62
1 0 13 63
1 0 14 0
1 0 15 17
1 0 16 37
1 0 17 63
1 0 18 0
1 0 19 42
1 0 20 2
1 0 21 53
1 0 22 0
1 0 23 0
1 0 24 60
1 0 25 0
1 0 26 37
1 0 27 0
1 0 28 0
1 0 29 0
1 0 30 0
1 0 31 0
1 1 0 0
1 1 1 0
1 1 2 0
1 1 3 0
1 1 4 0
1 1 5 0
1 1 6 0
1 1 7 0
1 1 8 0
1 1 9 0
1 1 10 0
1 1 11 0
1 1 12 0
1 1 13 0
1 1 14 0
1 1 15 0
1 1 16 0
1 1 17 0
1 1 18 0
1 1 19 0
1 1 20 0
1 1 21 0
1 1 22 0
1 1 23 0
1 1 24 0
1 1 25 0
1 1 26 0
1 1 27 0
1 1 28 0
1 1 29 0
1 1 30 0
1 1 31 0
1 2 0 0
1 2 1 0
1 2 2 0
1 2 3 0
1 2 4 0
1 2 5 0
1 2 6 0
1 2 7 0
1 2 8 0
1 2 9 0
1 2 10 0
1 2 11 0
1 2 12 0
1 2 13 0
1 2 14 0
1 2 15 0
1 2 16 0
1 2 17 0
1 2 18 0
1 2 19 0
1 2 20 0
1 2 21 0
1 2 22 0
1 2 23 0
1 2 24 0
1 2 25 0
1 2 26 0
1 2 27 0
1 2 28 0
1 2 29 0
1 2 30 0
1 2 31 0
1 3 0 0
1 3 1 0
1 3 2 0
1 3 3 0
1 3 4 0
1 3 5 0
1 3 6 0
1 3 7 0
1 3 8 0
1 3 9 0
1 3 10 0
1 3 11 0
1 3 12 0
1 3 13 0
1 3 14 0
1 3 15 0
1 3 16 0
1 3 17 0
1 3 18 0
1 3 19 0
1 3 20 0
1 3 21 0
1 3 22 0
1 3 23 0
1 3 24 0
1 3 25 0
1 3 26 0
1 3 27 0
1 3 28 0
1 3 29 0
1 3 30 0
1 3 31 0
2 0 0 0
2 0 1 0
2 0 2 0
2 0 3 12
2 0 4 15
2 0 5 9
2 0 6 0
2 0 7 0
2 0 8 0
2 0 9 0
2 0 10 40
2 0 11 5
2 0 12 63
2 0 13 63
2 0 14 25
2 0 15 47
2 0 16 29
2 0 17 57
2 0 18 0
2 0 19 0
2 0 20 11
2 0 21 63
2 0 22 0
2 0 23 60
2 0 24 0
2 0 25 0
2 0 26 0
2 0 27 0
2 0 28 0
2 0 29 0
2 0 30 0
2 0 31 43
2 1 0 0
2 1 1 0
2 1 2 0
2 1 3 0
2 1 4 0
2 1 5 0
2 1 6 0
2 1 7 0
2 1 8 0
2 1 9 0
2 1 10 0
2 1 11 3
2 1 12 0
2 1 13 16
2 1 14 0
2 1 15 14
2 1 16 0
2 1 17 2
2 1 18 0
2 1 19 0
2 1 20 0
2 1 21 4
2 1 22 0
2 1 23 0
2 1 24 0
2 1 25 0
2 1 26 0
2 1 27 0
2 1 28 0
2 1 29 0
2 1 30 0
2 1 31 0
2 2 0 0
2 2 1 0
2 2 2 0
2 2 3 0
2 2 4 0
2 2 5 0
2 2 6 0
2 2 7 0
2 2 8 0
2 2 9 0
2 2 10 0
2 2 11 0
2 2 12 0
2 2 13 3
2 2 14 0
2 2 15 0
2 2 16 0
2 2 17 0
2 2 18 0
2 2 19 0
2 2 20 0
2 2 21 28
2 2 22 0
2 2 23 0
2 2 24 0
2 2 25 0
2 2 26 1
2 2 27 0
2 2 28 0
2 2 29 0
2 2 30 0
2 2 31 0
2 3 0 0
2 3 1 0
2 3 2 0
2 3 3 0
2 3 4 0
2 3 5 0
2 3 6 0
2 3 7 0
2 3 8 0
2 3 9 0
2 3 10 0
2 3 11 0
2 3 12 0
2 3 13 0
2 3 14 0
2 3 15 0
2 3 16 0
2 3 17 0
2 3 18 0
2 3 19 0
2 3 20 0
2 3 21 0
2 3 22 0
2 3 23 0
2 3 24 0
2 3 25 0
2 3 26 0
2 3 27 0
2 3 28 0
2 3 29 0
2 3 30 0
2 3 31 0
3 0 0 0
3 0 1 0
3 0 2 0
3 0 3 44
3 0 4 0
3 0 5 46
3 0 6 12
3 0 7 22
3 0 8 0
3 0 9 34
3 0 10 2
3 0 11 63
3 0 12 63
3 0 13 63
3 0 14 31
3 0 15 63
3 0 16 63
3 0 17 63
3 0 18 63
3 0 19 63
3 0 20 60
3 0 21 63
3 0 22 41
3 0 23 44
3 0 24 35
3 0 25 0
3 0 26 13
3 0 27 63
3 0 28 62
3 0 29 0
3 0 30 0
3 0 31 28
3 1 0 0
3 1 1 0
3 1 2 0
3 1 3 0
3 1 4 0
3 1 5 32
3 1 6 0
3 1 7 0
3 1 8 0
3 1 9 47
3 1 10 0
3 1 11 60
3 1 12 63
3 1 13 63
3 1 14 28
3 1 15 0
3 1 16 63
3 1 17 0
3 1 18 16
3 1 19 63
3 1 20 39
3 1 21 57
3 1 22 30
3 1 23 0
3 1 24 0
3 1 25 0
3 1 26 0
3 1 27 0
3 1 28 6
3 1 29 0
3 1 30 0
3 1 31 0
3 2 0 0
3 2 1 0
3 2 2 0
3 2 3 25
3 2 4 0
3 2 5 50
3 2 6 0
3 2 7 0
3 2 8 12
3 2 9 0
3 2 10 0
3 2 11 62
3 2 12 63
3 2 13 63
3 2 14 0
3 2 15 6
3 2 16 63
3 2 17 46
3 2 18 0
3 2 19 53
3 2 20 63
3 2 21 38
3 2 22 47
3 2 23 0
3 2 24 0
3 2 25 0
3 2 26 43
3 2 27 1
3 2 28 0
3 2 29 0
3 2 30 0
3 2 31 0
3 3 0 0
3 3 1 0
3 3 2 0
3 3 3 0
3 3 4 0
3 3 5 0
3 3 6 0
3 3 7 0
3 3 8 2
3 3 9 0
3 3 10 0
3 3 11 0
3 3 12 4
3 3 13 32
3 3 14 0
3 3 15 0
3 3 16 61
3 3 17 0
3 3 18 0
3 3 19 0
3 3 20 0
3 3 21 0
3 3 22 0
3 3 23 0
3 3 24 0
3 3 25 9
3 3 26 1
3 3 27 0
3 3 28 0
3 3 29 0
3 3 30 0
3 3 31 0
