0 0
1 1
2 4
3 0
4 28
5 12
6 1
7 0
8 23
9 0
10 0
11 0
12 1
13 2
14 0
15 0
16 8
17 0
18 7
19 0
20 1
21 0
22 0
23 27
24 0
25 0
26 1
27 28
28 0
29 0
30 0
31 2
32 28
33 0
34 0
35 23
36 2
37 22
38 0
39 0
40 0
41 28
42 0
43 0
44 10
45 0
46 9
47 28
48 2
49 0
50 28
51 0
52 12
53 0
54 0
55 7
56 0
57 27
58 0
59 3
60 0
61 3
62 0
63 0
64 23
65 6
66 3
67 3
68 0
69 3
70 0
71 0
72 0
73 12
74 19
75 1
76 0
77 27
78 0
79 0
80 13
81 0
82 6
83 0
84 4
85 0
86 0
87 0
88 0
89 12
90 0
91 14
92 0
93 11
94 0
95 0
96 10
97 15
98 0
99 0
100 28
101 21
102 0
103 0
104 6
105 0
106 8
107 0
108 0
109 14
110 14
111 25
112 27
113 0
114 10
115 0
116 0
117 1
118 22
119 1
