0 0
1 0
2 0
3 0
4 28
5 11
6 2
7 7
8 28
9 0
10 0
11 22
12 10
13 16
14 9
15 28
16 28
17 0
18 11
19 3
20 18
21 2
22 0
23 25
24 0
25 18
26 15
27 27
28 0
29 9
30 1
31 24
32 22
33 27
34 0
35 0
36 5
37 26
38 0
39 0
40 0
41 16
42 11
43 0
44 8
45 0
46 28
47 3
48 16
49 0
50 28
51 0
52 7
53 0
54 0
55 12
56 0
57 21
58 9
59 0
60 0
61 0
62 12
63 0
64 20
65 2
66 0
67 20
68 0
69 1
70 0
71 0
72 0
73 13
74 0
75 0
76 0
77 19
78 20
79 6
80 10
81 28
82 13
83 0
84 7
85 0
86 13
87 9
88 0
89 28
90 0
91 0
92 0
93 3
94 0
95 0
96 28
97 0
98 0
99 0
100 27
101 0
102 0
103 28
104 27
105 0
106 28
107 2
108 5
109 7
110 15
111 23
112 14
113 0
114 0
115 10
116 7
117 0
118 28
119 25
