0 0
1 28
2 7
3 0
4 27
5 15
6 3
7 0
8 3
9 0
10 0
11 0
12 15
13 12
14 24
15 4
16 16
17 0
18 10
19 0
20 0
21 5
22 5
23 16
24 0
25 0
26 0
27 0
28 0
29 0
30 0
31 5
32 28
33 11
34 0
35 17
36 9
37 8
38 0
39 0
40 0
41 7
42 0
43 0
44 0
45 0
46 19
47 28
48 5
49 0
50 3
51 0
52 25
53 27
54 0
55 0
56 0
57 0
58 8
59 1
60 0
61 0
62 27
63 0
64 28
65 0
66 0
67 13
68 0
69 8
70 0
71 0
72 0
73 0
74 19
75 14
76 0
77 28
78 23
79 0
80 27
81 0
82 0
83 0
84 22
85 0
86 1
87 9
88 2
89 0
90 0
91 28
92 0
93 8
94 0
95 0
96 1
97 28
98 0
99 0
100 28
101 27
102 0
103 0
104 3
105 0
106 22
107 0
108 0
109 0
110 5
111 15
112 27
113 0
114 0
115 0
116 17
117 0
118 8
119 13
