0 0
1 27
2 21
3 0
4 27
5 0
6 0
7 0
8 20
9 0
10 0
11 11
12 6
13 9
14 0
15 29
16 20
17 13
18 8
19 0
20 25
21 0
22 0
23 28
24 0
25 21
26 28
27 28
28 0
29 0
30 12
31 5
32 28
33 19
34 9
35 24
36 12
37 0
38 0
39 28
40 0
41 28
42 12
43 0
44 3
45 0
46 29
47 28
48 0
49 0
50 28
51 0
52 0
53 0
54 0
55 28
56 11
57 16
58 6
59 0
60 0
61 0
62 0
63 0
64 28
65 27
66 0
67 27
68 10
69 7
70 6
71 0
72 0
73 0
74 27
75 0
76 0
77 28
78 0
79 0
80 0
81 0
82 26
83 0
84 11
85 0
86 14
87 13
88 4
89 25
90 0
91 26
92 0
93 3
94 0
95 0
96 0
97 0
98 0
99 0
100 26
101 0
102 10
103 27
104 28
105 10
106 28
107 0
108 28
109 28
110 0
111 28
112 0
113 0
114 8
115 0
116 9
117 6
118 27
119 28
