0 0
1 28
2 28
3 4
4 28
5 3
6 9
7 0
8 28
9 0
10 0
11 21
12 14
13 17
14 0
15 29
16 28
17 1
18 6
19 0
20 28
21 0
22 0
23 29
24 0
25 5
26 28
27 29
28 0
29 0
30 13
31 5
32 28
33 27
34 10
35 10
36 15
37 27
38 2
39 28
40 0
41 28
42 11
43 0
44 9
45 0
46 29
47 27
48 9
49 0
50 28
51 0
52 12
53 0
54 0
55 28
56 6
57 28
58 0
59 22
60 0
61 0
62 0
63 0
64 28
65 19
66 0
67 28
68 8
69 27
70 6
71 2
72 0
73 0
74 26
75 0
76 0
77 28
78 0
79 0
80 9
81 0
82 21
83 0
84 27
85 0
86 18
87 13
88 0
89 28
90 0
91 28
92 0
93 18
94 0
95 0
96 0
97 0
98 0
99 0
100 26
101 0
102 0
103 17
104 28
105 10
106 28
107 0
108 29
109 29
110 0
111 28
112 0
113 0
114 0
115 9
116 9
117 3
118 28
119 28
