0 0
1 28
2 10
3 0
4 27
5 0
6 7
7 0
8 21
9 3
10 0
11 17
12 0
13 3
14 0
15 29
16 27
17 18
18 20
19 0
20 28
21 0
22 0
23 28
24 0
25 26
26 28
27 28
28 28
29 0
30 9
31 0
32 27
33 5
34 0
35 2
36 13
37 2
38 3
39 7
40 0
41 28
42 17
43 0
44 14
45 0
46 28
47 28
48 0
49 14
50 28
51 0
52 0
53 0
54 0
55 27
56 0
57 19
58 1
59 0
60 0
61 0
62 0
63 0
64 28
65 24
66 0
67 28
68 19
69 8
70 4
71 0
72 0
73 0
74 0
75 0
76 0
77 28
78 0
79 0
80 3
81 19
82 28
83 0
84 19
85 0
86 8
87 6
88 0
89 10
90 0
91 25
92 0
93 17
94 0
95 3
96 0
97 0
98 0
99 0
100 27
101 0
102 27
103 28
104 28
105 0
106 27
107 0
108 28
109 28
110 0
111 8
112 0
113 0
114 14
115 2
116 18
117 8
118 14
119 28
