0 0
1 3
2 15
3 1
4 16
5 5
6 0
7 0
8 28
9 0
10 2
11 16
12 1
13 0
14 0
15 28
16 21
17 25
18 9
19 0
20 19
21 0
22 0
23 28
24 0
25 0
26 24
27 28
28 0
29 0
30 15
31 3
32 28
33 17
34 8
35 27
36 3
37 10
38 0
39 10
40 0
41 28
42 27
43 2
44 8
45 0
46 28
47 14
48 3
49 0
50 28
51 0
52 27
53 0
54 0
55 28
56 0
57 22
58 7
59 0
60 0
61 0
62 1
63 0
64 28
65 24
66 0
67 27
68 19
69 7
70 7
71 4
72 7
73 0
74 0
75 0
76 0
77 28
78 0
79 0
80 1
81 6
82 17
83 0
84 18
85 0
86 19
87 0
88 1
89 14
90 0
91 14
92 0
93 11
94 0
95 20
96 1
97 0
98 1
99 0
100 27
101 0
102 7
103 14
104 28
105 11
106 26
107 0
108 24
109 28
110 5
111 18
112 0
113 0
114 13
115 0
116 14
117 0
118 24
119 28
