0 0
1 28
2 0
3 0
4 26
5 0
6 7
7 28
8 22
9 0
10 6
11 28
12 10
13 0
14 28
15 29
16 28
17 0
18 4
19 0
20 28
21 0
22 0
23 28
24 1
25 28
26 28
27 29
28 0
29 0
30 13
31 18
32 0
33 13
34 0
35 0
36 9
37 11
38 0
39 0
40 0
41 29
42 19
43 0
44 11
45 0
46 28
47 27
48 0
49 0
50 29
51 0
52 0
53 0
54 0
55 0
56 0
57 28
58 0
59 0
60 0
61 0
62 0
63 0
64 6
65 28
66 0
67 27
68 0
69 28
70 0
71 0
72 0
73 8
74 0
75 0
76 0
77 0
78 0
79 28
80 27
81 6
82 28
83 0
84 5
85 9
86 2
87 0
88 0
89 28
90 0
91 28
92 0
93 0
94 0
95 0
96 0
97 0
98 0
99 0
100 28
101 0
102 0
103 27
104 20
105 0
106 23
107 0
108 13
109 10
110 0
111 28
112 10
113 0
114 26
115 0
116 27
117 0
118 22
119 28
