0 0
1 28
2 10
3 4
4 21
5 17
6 6
7 0
8 1
9 4
10 3
11 13
12 8
13 10
14 0
15 28
16 16
17 0
18 5
19 0
20 11
21 0
22 8
23 28
24 4
25 0
26 27
27 28
28 0
29 0
30 9
31 23
32 28
33 14
34 0
35 20
36 4
37 0
38 0
39 0
40 0
41 28
42 0
43 0
44 2
45 0
46 28
47 28
48 9
49 0
50 27
51 0
52 17
53 0
54 0
55 8
56 6
57 21
58 0
59 5
60 0
61 0
62 12
63 0
64 28
65 0
66 0
67 27
68 2
69 0
70 7
71 1
72 0
73 0
74 26
75 0
76 0
77 28
78 0
79 0
80 18
81 0
82 0
83 0
84 27
85 0
86 3
87 0
88 0
89 20
90 0
91 27
92 0
93 14
94 0
95 0
96 0
97 0
98 0
99 0
100 29
101 0
102 0
103 0
104 21
105 11
106 25
107 0
108 6
109 11
110 25
111 16
112 9
113 0
114 25
115 0
116 0
117 8
118 13
119 28
