0 0
1 17
2 0
3 0
4 27
5 6
6 8
7 0
8 21
9 0
10 0
11 2
12 13
13 0
14 5
15 1
16 9
17 0
18 4
19 0
20 0
21 0
22 0
23 27
24 0
25 0
26 0
27 28
28 0
29 2
30 0
31 15
32 28
33 4
34 0
35 17
36 6
37 22
38 0
39 0
40 0
41 28
42 0
43 0
44 9
45 0
46 0
47 28
48 0
49 0
50 26
51 0
52 3
53 22
54 0
55 10
56 0
57 27
58 6
59 0
60 0
61 4
62 0
63 0
64 28
65 5
66 0
67 0
68 0
69 0
70 0
71 0
72 0
73 0
74 28
75 22
76 0
77 28
78 0
79 0
80 28
81 0
82 0
83 0
84 2
85 0
86 0
87 0
88 0
89 0
90 0
91 4
92 0
93 15
94 0
95 0
96 15
97 18
98 3
99 0
100 28
101 28
102 0
103 0
104 4
105 0
106 5
107 0
108 0
109 0
110 12
111 7
112 27
113 0
114 0
115 0
116 7
117 1
118 27
119 7
