0 0
1 8
2 2
3 13
4 0
5 0
6 0
7 4
8 0
9 12
10 0
11 0
12 0
13 17
14 0
15 27
16 1
17 48
18 0
19 9
20 3
21 0
22 0
23 4
24 48
25 34
26 0
27 31
28 0
29 4
30 6
31 0
32 28
33 19
34 47
35 5
36 14
37 0
38 5
39 0
40 0
41 0
42 19
43 48
44 0
45 0
46 0
47 45
48 14
49 0
50 6
51 0
52 0
53 4
54 3
55 0
56 5
57 0
58 3
59 13
60 0
61 5
62 0
63 12
64 0
65 46
66 0
67 28
68 28
69 0
70 0
71 25
72 0
73 32
74 0
75 20
76 0
77 47
78 0
79 24
80 0
81 0
82 0
83 3
84 5
85 0
86 32
87 0
88 11
89 45
90 1
91 20
92 0
93 0
94 7
95 40
96 0
97 0
98 1
99 0
100 22
101 0
102 17
103 11
104 0
105 0
106 41
107 15
108 47
109 0
110 1
111 0
112 16
113 0
114 0
115 0
116 0
117 48
118 11
119 0
