0 10
1 11
2 0
3 23
4 0
5 0
6 0
7 11
8 48
9 0
10 7
11 6
12 0
13 0
14 17
15 0
16 33
17 48
18 0
19 0
20 0
21 0
22 21
23 0
24 48
25 0
26 0
27 17
28 4
29 7
30 16
31 7
32 24
33 20
34 0
35 0
36 0
37 12
38 0
39 7
40 30
41 0
42 48
43 47
44 0
45 0
46 16
47 48
48 4
49 1
50 0
51 0
52 0
53 16
54 0
55 6
56 29
57 0
58 0
59 3
60 0
61 10
62 0
63 11
64 0
65 46
66 0
67 48
68 48
69 0
70 0
71 0
72 44
73 37
74 0
75 0
76 0
77 22
78 0
79 12
80 27
81 0
82 0
83 0
84 47
85 0
86 48
87 7
88 0
89 36
90 9
91 46
92 0
93 3
94 8
95 0
96 13
97 0
98 3
99 0
100 0
101 0
102 0
103 14
104 0
105 0
106 48
107 17
108 41
109 0
110 5
111 0
112 13
113 0
114 0
115 0
116 0
117 48
118 21
119 0
