0 0
1 0
2 0
3 13
4 0
5 0
6 0
7 0
8 19
9 5
10 0
11 0
12 0
13 0
14 3
15 0
16 0
17 0
18 0
19 4
20 11
21 0
22 0
23 3
24 5
25 46
26 38
27 36
28 0
29 5
30 14
31 0
32 48
33 9
34 47
35 0
36 31
37 0
38 15
39 0
40 0
41 1
42 4
43 17
44 0
45 0
46 14
47 48
48 0
49 3
50 29
51 0
52 0
53 0
54 12
55 7
56 0
57 0
58 14
59 0
60 0
61 0
62 0
63 28
64 0
65 22
66 0
67 0
68 0
69 0
70 0
71 0
72 0
73 0
74 0
75 30
76 0
77 47
78 0
79 26
80 8
81 5
82 0
83 0
84 0
85 0
86 0
87 18
88 4
89 1
90 0
91 0
92 0
93 0
94 0
95 44
96 0
97 0
98 0
99 0
100 30
101 0
102 11
103 6
104 0
105 0
106 1
107 2
108 48
109 0
110 22
111 0
112 28
113 0
114 0
115 0
116 0
117 25
118 15
119 0
