0 0
1 0
2 1
3 38
4 0
5 0
6 0
7 7
8 21
9 0
10 9
11 0
12 0
13 0
14 4
15 0
16 35
17 0
18 0
19 0
20 1
21 0
22 17
23 0
24 43
25 0
26 0
27 30
28 18
29 4
30 0
31 0
32 48
33 19
34 11
35 0
36 2
37 0
38 1
39 0
40 15
41 48
42 11
43 45
44 0
45 0
46 2
47 47
48 8
49 0
50 26
51 0
52 0
53 0
54 0
55 14
56 21
57 0
58 10
59 9
60 0
61 0
62 42
63 48
64 0
65 13
66 0
67 29
68 0
69 0
70 0
71 0
72 28
73 23
74 0
75 0
76 0
77 21
78 0
79 0
80 3
81 3
82 10
83 0
84 22
85 7
86 0
87 28
88 18
89 47
90 0
91 4
92 0
93 0
94 0
95 29
96 5
97 0
98 0
99 0
100 0
101 0
102 14
103 0
104 0
105 0
106 0
107 9
108 48
109 0
110 0
111 0
112 42
113 0
114 2
115 0
116 19
117 47
118 17
119 0
