0 14
1 22
2 14
3 17
4 0
5 0
6 0
7 0
8 20
9 12
10 8
11 5
12 0
13 0
14 16
15 0
16 48
17 47
18 0
19 0
20 0
21 0
22 0
23 0
24 48
25 38
26 0
27 0
28 0
29 1
30 7
31 0
32 24
33 11
34 20
35 6
36 0
37 0
38 20
39 0
40 0
41 0
42 47
43 48
44 0
45 0
46 20
47 48
48 9
49 11
50 0
51 0
52 0
53 37
54 0
55 0
56 15
57 0
58 0
59 0
60 0
61 0
62 0
63 34
64 0
65 47
66 0
67 48
68 47
69 0
70 0
71 0
72 2
73 25
74 0
75 12
76 0
77 36
78 0
79 0
80 43
81 0
82 0
83 0
84 48
85 4
86 46
87 12
88 7
89 20
90 14
91 47
92 0
93 0
94 0
95 27
96 0
97 0
98 5
99 0
100 0
101 0
102 0
103 7
104 7
105 0
106 47
107 11
108 48
109 0
110 21
111 5
112 28
113 0
114 0
115 0
116 0
117 48
118 0
119 0
