0 12
1 9
2 0
3 0
4 0
5 0
6 2
7 0
8 48
9 0
10 11
11 0
12 0
13 0
14 15
15 0
16 31
17 47
18 0
19 0
20 0
21 0
22 0
23 0
24 48
25 48
26 0
27 0
28 0
29 0
30 0
31 0
32 12
33 29
34 28
35 0
36 0
37 0
38 4
39 16
40 19
41 0
42 48
43 48
44 0
45 0
46 5
47 48
48 15
49 5
50 0
51 0
52 0
53 40
54 0
55 13
56 9
57 0
58 0
59 0
60 0
61 0
62 0
63 48
64 0
65 48
66 0
67 48
68 48
69 0
70 0
71 0
72 21
73 24
74 0
75 33
76 0
77 48
78 0
79 0
80 27
81 0
82 0
83 0
84 48
85 12
86 48
87 8
88 27
89 34
90 0
91 46
92 7
93 0
94 0
95 41
96 0
97 0
98 0
99 0
100 0
101 0
102 5
103 18
104 0
105 0
106 48
107 7
108 48
109 0
110 8
111 0
112 46
113 0
114 0
115 0
116 0
117 49
118 16
119 0
