0 0
1 0
2 0
3 13
4 0
5 0
6 12
7 0
8 0
9 0
10 0
11 0
12 0
13 0
14 3
15 0
16 48
17 5
18 0
19 0
20 0
21 0
22 0
23 0
24 48
25 0
26 24
27 48
28 0
29 12
30 21
31 0
32 48
33 8
34 0
35 0
36 0
37 6
38 21
39 0
40 0
41 16
42 48
43 47
44 0
45 0
46 44
47 0
48 9
49 0
50 48
51 0
52 0
53 3
54 0
55 0
56 48
57 0
58 5
59 0
60 0
61 0
62 9
63 14
64 0
65 7
66 0
67 39
68 20
69 0
70 0
71 0
72 9
73 48
74 0
75 2
76 0
77 0
78 0
79 48
80 0
81 0
82 0
83 0
84 48
85 0
86 1
87 44
88 0
89 48
90 0
91 22
92 17
93 0
94 9
95 20
96 11
97 0
98 0
99 0
100 0
101 0
102 8
103 19
104 0
105 0
106 48
107 7
108 0
109 0
110 0
111 0
112 47
113 0
114 0
115 0
116 12
117 47
118 11
119 0
