0 0
1 0
2 0
3 0
4 0
5 2
6 0
7 0
8 0
9 11
10 3
11 0
12 0
13 0
14 0
15 0
16 0
17 5
18 0
19 0
20 0
21 0
22 0
23 5
24 48
25 24
26 22
27 27
28 0
29 3
30 18
31 0
32 8
33 27
34 47
35 2
36 34
37 0
38 13
39 0
40 0
41 28
42 8
43 31
44 8
45 0
46 0
47 39
48 5
49 0
50 47
51 0
52 1
53 31
54 0
55 4
56 0
57 0
58 2
59 0
60 0
61 0
62 0
63 21
64 0
65 31
66 0
67 0
68 22
69 0
70 0
71 0
72 0
73 30
74 0
75 16
76 0
77 47
78 0
79 30
80 0
81 0
82 11
83 0
84 7
85 0
86 11
87 11
88 0
89 10
90 0
91 0
92 8
93 0
94 5
95 9
96 0
97 47
98 0
99 0
100 7
101 0
102 1
103 2
104 0
105 0
106 45
107 3
108 32
109 0
110 22
111 7
112 37
113 0
114 0
115 0
116 0
117 15
118 2
119 2
