0 15
1 0
2 15
3 5
4 0
5 0
6 0
7 0
8 0
9 8
10 0
11 0
12 0
13 0
14 0
15 0
16 0
17 16
18 0
19 0
20 0
21 0
22 0
23 4
24 48
25 46
26 47
27 42
28 0
29 14
30 6
31 0
32 47
33 13
34 48
35 5
36 48
37 0
38 27
39 0
40 0
41 39
42 1
43 0
44 11
45 0
46 0
47 48
48 19
49 2
50 48
51 0
52 0
53 5
54 0
55 4
56 0
57 0
58 1
59 0
60 0
61 0
62 0
63 39
64 0
65 47
66 9
67 0
68 1
69 0
70 0
71 0
72 0
73 11
74 0
75 22
76 0
77 48
78 0
79 46
80 0
81 0
82 6
83 0
84 0
85 0
86 2
87 30
88 0
89 18
90 0
91 0
92 0
93 0
94 6
95 25
96 9
97 9
98 5
99 0
100 19
101 0
102 3
103 2
104 0
105 0
106 42
107 12
108 48
109 0
110 30
111 12
112 41
113 0
114 0
115 0
116 0
117 0
118 7
119 0
