0 6
1 4
2 0
3 10
4 0
5 9
6 3
7 0
8 8
9 19
10 8
11 0
12 0
13 11
14 17
15 0
16 26
17 26
18 0
19 0
20 0
21 0
22 0
23 0
24 48
25 4
26 0
27 0
28 0
29 12
30 11
31 0
32 2
33 16
34 5
35 4
36 0
37 0
38 0
39 0
40 19
41 13
42 11
43 48
44 0
45 0
46 0
47 48
48 0
49 20
50 0
51 0
52 3
53 0
54 0
55 1
56 0
57 0
58 0
59 0
60 6
61 13
62 19
63 46
64 0
65 24
66 0
67 45
68 48
69 0
70 0
71 0
72 15
73 21
74 0
75 14
76 0
77 47
78 0
79 3
80 6
81 0
82 0
83 1
84 47
85 0
86 26
87 47
88 0
89 31
90 0
91 44
92 6
93 0
94 0
95 10
96 0
97 0
98 0
99 0
100 0
101 0
102 10
103 28
104 0
105 4
106 48
107 10
108 47
109 0
110 35
111 3
112 47
113 0
114 9
115 0
116 0
117 48
118 28
119 5
