0 1
1 0
2 8
3 0
4 2
5 6
6 5
7 0
8 7
9 3
10 2
11 0
12 0
13 7
14 0
15 4
16 0
17 4
18 0
19 0
20 0
21 4
22 0
23 0
24 7
25 8
26 7
27 1
28 5
29 4
30 6
31 0
32 0
33 0
34 3
35 8
36 0
37 0
38 1
39 0
40 0
41 8
42 2
43 2
44 7
45 3
46 0
47 8
48 3
49 0
50 2
51 0
52 0
53 0
54 0
55 0
56 0
57 3
58 4
59 0
60 0
61 3
62 0
63 0
64 3
65 0
66 3
67 0
68 8
69 0
70 7
71 2
72 0
73 8
74 0
75 0
76 0
77 8
78 0
79 1
80 0
81 1
82 1
83 1
84 7
85 2
86 0
87 7
88 0
89 4
90 0
91 0
92 3
93 0
94 0
95 7
96 0
97 0
98 8
99 0
100 0
101 2
102 0
103 0
104 2
105 0
106 7
107 0
108 1
109 7
110 7
111 6
112 8
113 0
114 0
115 0
116 2
117 0
118 0
119 0
