0 8
1 0
2 8
3 0
4 7
5 3
6 8
7 0
8 8
9 2
10 2
11 0
12 0
13 5
14 0
15 4
16 0
17 0
18 0
19 0
20 0
21 7
22 0
23 0
24 3
25 2
26 8
27 0
28 3
29 2
30 8
31 0
32 4
33 0
34 4
35 8
36 0
37 0
38 0
39 0
40 0
41 9
42 4
43 0
44 7
45 2
46 0
47 8
48 7
49 0
50 7
51 0
52 0
53 0
54 8
55 0
56 5
57 6
58 4
59 2
60 1
61 4
62 0
63 0
64 0
65 2
66 7
67 0
68 5
69 0
70 8
71 1
72 0
73 9
74 8
75 0
76 3
77 8
78 0
79 8
80 0
81 7
82 1
83 2
84 0
85 0
86 0
87 8
88 0
89 2
90 0
91 0
92 1
93 0
94 0
95 8
96 0
97 0
98 8
99 0
100 0
101 6
102 0
103 0
104 0
105 1
106 0
107 0
108 7
109 3
110 8
111 0
112 8
113 0
114 0
115 2
116 0
117 0
118 3
119 0
