0 8
1 0
2 8
3 3
4 8
5 0
6 9
7 0
8 8
9 0
10 8
11 0
12 0
13 1
14 1
15 0
16 9
17 0
18 0
19 1
20 0
21 0
22 0
23 9
24 7
25 0
26 6
27 3
28 8
29 0
30 0
31 8
32 0
33 0
34 0
35 6
36 3
37 8
38 8
39 7
40 0
41 8
42 4
43 0
44 8
45 8
46 0
47 8
48 8
49 0
50 9
51 8
52 0
53 0
54 0
55 0
56 9
57 2
58 8
59 8
60 0
61 2
62 8
63 8
64 0
65 0
66 0
67 0
68 9
69 8
70 0
71 0
72 0
73 9
74 0
75 8
76 0
77 0
78 0
79 9
80 0
81 8
82 0
83 2
84 6
85 3
86 0
87 6
88 0
89 1
90 8
91 8
92 8
93 0
94 8
95 7
96 9
97 0
98 9
99 0
100 8
101 9
102 6
103 8
104 0
105 0
106 9
107 8
108 4
109 5
110 2
111 8
112 9
113 0
114 8
115 0
116 5
117 8
118 0
119 0
