0 0
1 3
2 8
3 0
4 8
5 0
6 8
7 0
8 8
9 3
10 7
11 0
12 0
13 6
14 0
15 1
16 0
17 0
18 0
19 7
20 6
21 6
22 0
23 0
24 2
25 8
26 4
27 0
28 8
29 4
30 8
31 0
32 8
33 0
34 8
35 0
36 0
37 3
38 0
39 5
40 6
41 8
42 3
43 3
44 0
45 7
46 0
47 1
48 6
49 0
50 5
51 0
52 0
53 0
54 8
55 0
56 1
57 0
58 7
59 3
60 5
61 1
62 0
63 0
64 0
65 3
66 0
67 0
68 0
69 7
70 8
71 0
72 0
73 8
74 5
75 0
76 0
77 1
78 0
79 8
80 0
81 8
82 0
83 0
84 5
85 0
86 0
87 7
88 8
89 0
90 0
91 0
92 0
93 0
94 0
95 8
96 8
97 2
98 3
99 0
100 0
101 0
102 0
103 0
104 0
105 0
106 0
107 0
108 0
109 4
110 8
111 5
112 8
113 0
114 2
115 7
116 1
117 5
118 4
119 0
