0 5
1 8
2 4
3 0
4 8
5 0
6 6
7 0
8 0
9 0
10 8
11 6
12 0
13 8
14 2
15 0
16 0
17 8
18 0
19 8
20 0
21 1
22 1
23 0
24 9
25 8
26 0
27 0
28 9
29 8
30 1
31 0
32 0
33 0
34 4
35 8
36 6
37 4
38 0
39 8
40 9
41 9
42 0
43 4
44 0
45 8
46 0
47 9
48 6
49 0
50 2
51 7
52 0
53 0
54 0
55 0
56 1
57 0
58 6
59 7
60 0
61 4
62 0
63 7
64 0
65 1
66 0
67 9
68 9
69 8
70 0
71 0
72 1
73 7
74 0
75 0
76 8
77 0
78 0
79 0
80 9
81 8
82 8
83 5
84 9
85 5
86 0
87 0
88 0
89 0
90 8
91 8
92 0
93 5
94 0
95 6
96 0
97 2
98 9
99 0
100 3
101 9
102 0
103 8
104 4
105 6
106 9
107 0
108 0
109 0
110 9
111 9
112 8
113 0
114 0
115 0
116 0
117 8
118 5
119 0
