0 0
1 8
2 5
3 0
4 7
5 6
6 4
7 0
8 0
9 6
10 8
11 0
12 0
13 8
14 2
15 0
16 0
17 1
18 9
19 7
20 0
21 1
22 5
23 0
24 8
25 7
26 0
27 2
28 9
29 6
30 7
31 0
32 0
33 0
34 4
35 8
36 1
37 1
38 5
39 2
40 6
41 8
42 0
43 7
44 6
45 8
46 0
47 9
48 4
49 0
50 5
51 0
52 0
53 0
54 0
55 0
56 7
57 1
58 4
59 6
60 3
61 3
62 0
63 7
64 4
65 7
66 0
67 8
68 8
69 8
70 0
71 0
72 0
73 2
74 0
75 0
76 8
77 8
78 0
79 0
80 5
81 2
82 8
83 8
84 8
85 0
86 0
87 4
88 0
89 4
90 5
91 7
92 0
93 0
94 0
95 7
96 5
97 0
98 7
99 0
100 5
101 8
102 0
103 7
104 0
105 3
106 8
107 0
108 1
109 7
110 8
111 9
112 7
113 0
114 3
115 0
116 0
117 8
118 3
119 0
