0 0
1 8
2 8
3 8
4 8
5 6
6 0
7 1
8 5
9 3
10 6
11 0
12 0
13 2
14 0
15 0
16 8
17 0
18 0
19 0
20 0
21 0
22 6
23 0
24 7
25 0
26 0
27 8
28 9
29 0
30 0
31 0
32 0
33 3
34 3
35 6
36 0
37 2
38 0
39 8
40 2
41 5
42 1
43 1
44 0
45 8
46 0
47 6
48 4
49 0
50 1
51 0
52 0
53 0
54 1
55 0
56 8
57 6
58 8
59 8
60 0
61 0
62 9
63 8
64 4
65 0
66 8
67 0
68 8
69 8
70 0
71 0
72 0
73 8
74 0
75 0
76 7
77 8
78 0
79 8
80 0
81 8
82 8
83 6
84 7
85 3
86 0
87 5
88 0
89 6
90 0
91 0
92 2
93 0
94 0
95 6
96 0
97 1
98 8
99 0
100 8
101 8
102 0
103 8
104 0
105 0
106 5
107 0
108 1
109 7
110 0
111 8
112 9
113 0
114 1
115 1
116 8
117 8
118 5
119 0
