0 3
1 8
2 8
3 0
4 8
5 0
6 2
7 0
8 0
9 2
10 8
11 3
12 0
13 4
14 3
15 0
16 0
17 3
18 0
19 8
20 1
21 4
22 3
23 0
24 8
25 8
26 0
27 0
28 8
29 7
30 7
31 0
32 0
33 0
34 8
35 1
36 5
37 8
38 5
39 0
40 7
41 8
42 0
43 1
44 1
45 8
46 0
47 9
48 0
49 0
50 0
51 2
52 0
53 0
54 0
55 0
56 7
57 0
58 4
59 7
60 0
61 3
62 0
63 8
64 1
65 2
66 0
67 8
68 9
69 9
70 0
71 0
72 0
73 1
74 0
75 0
76 6
77 0
78 0
79 0
80 8
81 5
82 7
83 2
84 9
85 5
86 0
87 3
88 0
89 0
90 8
91 8
92 0
93 5
94 4
95 5
96 0
97 7
98 9
99 0
100 1
101 8
102 0
103 7
104 4
105 1
106 9
107 0
108 4
109 0
110 9
111 9
112 3
113 0
114 1
115 0
116 0
117 8
118 0
119 0
