0 7
1 8
2 7
3 3
4 8
5 0
6 0
7 3
8 4
9 0
10 8
11 3
12 0
13 6
14 3
15 0
16 5
17 4
18 9
19 8
20 0
21 0
22 8
23 0
24 8
25 0
26 0
27 0
28 8
29 7
30 6
31 0
32 0
33 0
34 0
35 4
36 3
37 8
38 0
39 3
40 1
41 0
42 0
43 1
44 5
45 7
46 0
47 9
48 2
49 0
50 0
51 2
52 0
53 0
54 0
55 0
56 7
57 6
58 0
59 8
60 1
61 2
62 0
63 2
64 0
65 0
66 0
67 8
68 8
69 8
70 0
71 0
72 3
73 6
74 3
75 2
76 8
77 0
78 0
79 6
80 1
81 7
82 8
83 4
84 8
85 0
86 0
87 0
88 0
89 0
90 8
91 6
92 0
93 6
94 2
95 0
96 0
97 0
98 8
99 0
100 3
101 9
102 0
103 3
104 1
105 1
106 8
107 8
108 0
109 0
110 8
111 8
112 0
113 0
114 0
115 0
116 0
117 8
118 0
119 0
