0 0
1 7
2 9
3 0
4 7
5 0
6 5
7 0
8 8
9 5
10 8
11 0
12 0
13 8
14 0
15 7
16 0
17 0
18 0
19 8
20 3
21 8
22 0
23 0
24 8
25 6
26 0
27 0
28 8
29 7
30 8
31 0
32 0
33 0
34 8
35 1
36 0
37 0
38 0
39 7
40 8
41 7
42 0
43 4
44 2
45 8
46 0
47 7
48 5
49 0
50 7
51 0
52 0
53 0
54 0
55 0
56 0
57 0
58 8
59 8
60 2
61 8
62 0
63 2
64 0
65 2
66 0
67 3
68 9
69 0
70 0
71 6
72 1
73 8
74 2
75 3
76 7
77 0
78 0
79 5
80 0
81 7
82 1
83 2
84 8
85 0
86 0
87 0
88 0
89 6
90 5
91 1
92 6
93 0
94 0
95 8
96 5
97 0
98 8
99 0
100 0
101 7
102 0
103 1
104 0
105 0
106 8
107 7
108 0
109 2
110 8
111 8
112 1
113 0
114 0
115 0
116 0
117 8
118 1
119 0
