0 15
1 20
2 0
3 0
4 49
5 0
6 48
7 0
8 0
9 0
10 0
11 0
12 0
13 3
14 0
15 0
16 49
17 0
18 0
19 0
20 0
21 24
22 3
23 0
24 0
25 0
26 39
27 17
28 0
29 0
30 7
31 0
32 0
33 49
34 0
35 48
36 0
37 12
38 0
39 0
40 0
41 49
42 0
43 0
44 13
45 40
46 0
47 0
48 0
49 0
50 37
51 0
52 0
53 0
54 22
55 11
56 0
57 0
58 0
59 6
60 14
61 0
62 0
63 12
64 0
65 49
66 0
67 49
68 0
69 1
70 0
71 16
72 7
73 0
74 11
75 17
76 0
77 0
78 0
79 0
80 0
81 49
82 0
83 45
84 0
85 0
86 0
87 0
88 8
89 0
90 0
91 48
92 0
93 48
94 0
95 9
96 0
97 13
98 49
99 39
100 0
101 0
102 49
103 0
104 0
105 0
106 0
107 0
108 0
109 0
110 0
111 0
112 0
113 0
114 5
115 0
116 0
117 7
118 0
119 34
