0 45
1 0
2 0
3 3
4 49
5 0
6 19
7 0
8 0
9 0
10 0
11 0
12 0
13 6
14 0
15 0
16 0
17 0
18 0
19 0
20 0
21 14
22 16
23 0
24 0
25 12
26 28
27 41
28 0
29 11
30 0
31 0
32 0
33 49
34 26
35 48
36 0
37 5
38 13
39 0
40 0
41 49
42 0
43 0
44 0
45 5
46 0
47 20
48 9
49 0
50 14
51 0
52 0
53 8
54 27
55 20
56 0
57 0
58 10
59 0
60 36
61 0
62 0
63 7
64 0
65 35
66 15
67 48
68 0
69 0
70 0
71 0
72 9
73 0
74 17
75 0
76 13
77 17
78 0
79 3
80 0
81 47
82 0
83 0
84 14
85 0
86 32
87 13
88 20
89 0
90 0
91 48
92 0
93 29
94 0
95 12
96 0
97 4
98 48
99 0
100 0
101 0
102 27
103 0
104 0
105 0
106 0
107 0
108 0
109 0
110 0
111 0
112 0
113 0
114 9
115 0
116 0
117 18
118 0
119 37
