0 25
1 0
2 0
3 16
4 27
5 0
6 19
7 0
8 0
9 0
10 0
11 0
12 0
13 2
14 48
15 0
16 45
17 0
18 0
19 0
20 0
21 0
22 22
23 0
24 0
25 0
26 31
27 49
28 0
29 0
30 1
31 0
32 5
33 49
34 33
35 48
36 0
37 36
38 0
39 0
40 0
41 4
42 0
43 0
44 1
45 0
46 0
47 0
48 17
49 0
50 0
51 0
52 0
53 0
54 49
55 40
56 0
57 21
58 0
59 25
60 32
61 0
62 13
63 4
64 0
65 49
66 20
67 47
68 0
69 23
70 49
71 0
72 8
73 7
74 10
75 0
76 0
77 0
78 0
79 0
80 0
81 48
82 0
83 0
84 0
85 0
86 19
87 0
88 16
89 0
90 0
91 44
92 0
93 20
94 3
95 24
96 3
97 0
98 45
99 15
100 0
101 0
102 49
103 0
104 0
105 0
106 0
107 0
108 0
109 0
110 32
111 0
112 0
113 0
114 0
115 0
116 0
117 49
118 4
119 49
