0 42
1 8
2 16
3 0
4 49
5 0
6 33
7 0
8 0
9 0
10 0
11 0
12 0
13 11
14 0
15 0
16 10
17 0
18 0
19 0
20 0
21 0
22 25
23 0
24 0
25 19
26 27
27 49
28 0
29 15
30 0
31 0
32 43
33 48
34 49
35 48
36 0
37 32
38 24
39 0
40 0
41 49
42 0
43 0
44 0
45 0
46 0
47 0
48 14
49 2
50 12
51 0
52 0
53 0
54 0
55 40
56 4
57 15
58 0
59 0
60 26
61 0
62 0
63 5
64 0
65 0
66 16
67 37
68 0
69 0
70 0
71 7
72 17
73 5
74 9
75 0
76 48
77 48
78 0
79 7
80 0
81 49
82 3
83 0
84 48
85 0
86 18
87 0
88 21
89 0
90 0
91 48
92 0
93 1
94 0
95 5
96 0
97 0
98 48
99 10
100 0
101 0
102 0
103 0
104 0
105 0
106 10
107 0
108 0
109 0
110 0
111 0
112 0
113 0
114 14
115 0
116 0
117 44
118 2
119 49
