0 0
1 16
2 0
3 6
4 4
5 0
6 35
7 0
8 0
9 0
10 0
11 0
12 0
13 12
14 0
15 0
16 33
17 0
18 21
19 0
20 0
21 0
22 21
23 0
24 0
25 0
26 0
27 49
28 0
29 0
30 12
31 0
32 0
33 32
34 48
35 49
36 0
37 49
38 0
39 0
40 0
41 0
42 0
43 0
44 0
45 0
46 0
47 0
48 37
49 16
50 3
51 0
52 0
53 0
54 28
55 49
56 0
57 22
58 0
59 12
60 37
61 0
62 0
63 12
64 0
65 49
66 18
67 49
68 0
69 42
70 0
71 11
72 3
73 5
74 34
75 28
76 21
77 0
78 0
79 0
80 0
81 49
82 0
83 0
84 38
85 0
86 2
87 0
88 40
89 0
90 1
91 18
92 0
93 2
94 0
95 19
96 37
97 0
98 48
99 0
100 0
101 0
102 49
103 2
104 0
105 0
106 0
107 0
108 0
109 0
110 0
111 0
112 0
113 0
114 0
115 0
116 0
117 18
118 0
119 48
