0 0
1 0
2 37
3 16
4 48
5 0
6 24
7 0
8 0
9 0
10 0
11 49
12 0
13 0
14 0
15 0
16 11
17 0
18 32
19 0
20 0
21 13
22 0
23 0
24 48
25 0
26 25
27 4
28 3
29 1
30 2
31 0
32 0
33 3
34 0
35 48
36 0
37 29
38 0
39 0
40 0
41 24
42 0
43 0
44 11
45 3
46 0
47 0
48 0
49 7
50 28
51 48
52 0
53 0
54 37
55 1
56 0
57 0
58 1
59 13
60 0
61 0
62 0
63 6
64 0
65 40
66 19
67 48
68 0
69 45
70 0
71 0
72 0
73 0
74 27
75 28
76 15
77 0
78 19
79 0
80 0
81 49
82 0
83 0
84 0
85 0
86 8
87 0
88 17
89 0
90 0
91 9
92 0
93 1
94 0
95 0
96 0
97 0
98 36
99 0
100 0
101 0
102 7
103 0
104 0
105 0
106 0
107 6
108 0
109 0
110 0
111 0
112 0
113 6
114 22
115 0
116 17
117 17
118 0
119 0
