0 22
1 23
2 10
3 0
4 49
5 0
6 21
7 0
8 0
9 0
10 0
11 0
12 49
13 6
14 0
15 0
16 36
17 0
18 0
19 0
20 0
21 0
22 5
23 0
24 0
25 0
26 8
27 49
28 0
29 0
30 16
31 0
32 0
33 6
34 18
35 16
36 48
37 17
38 1
39 0
40 0
41 49
42 0
43 0
44 0
45 0
46 0
47 0
48 0
49 11
50 25
51 0
52 0
53 5
54 48
55 29
56 49
57 0
58 0
59 15
60 25
61 0
62 0
63 0
64 0
65 49
66 4
67 0
68 0
69 28
70 0
71 0
72 6
73 1
74 14
75 0
76 14
77 0
78 0
79 0
80 0
81 49
82 0
83 48
84 0
85 0
86 0
87 0
88 40
89 0
90 0
91 35
92 0
93 49
94 0
95 6
96 0
97 0
98 48
99 0
100 0
101 0
102 49
103 0
104 0
105 0
106 0
107 25
108 0
109 0
110 0
111 0
112 0
113 0
114 0
115 0
116 8
117 48
118 0
119 34
