0 29
1 0
2 10
3 37
4 49
5 0
6 49
7 0
8 0
9 0
10 15
11 0
12 0
13 0
14 0
15 0
16 48
17 0
18 49
19 0
20 0
21 19
22 28
23 0
24 0
25 0
26 11
27 49
28 0
29 49
30 10
31 3
32 0
33 23
34 22
35 49
36 0
37 49
38 0
39 0
40 0
41 8
42 0
43 0
44 11
45 0
46 0
47 0
48 0
49 42
50 11
51 0
52 0
53 0
54 48
55 23
56 0
57 0
58 0
59 20
60 11
61 0
62 19
63 0
64 0
65 49
66 22
67 49
68 0
69 36
70 0
71 0
72 0
73 10
74 12
75 24
76 26
77 9
78 5
79 0
80 0
81 49
82 0
83 0
84 47
85 0
86 0
87 0
88 0
89 0
90 0
91 27
92 0
93 38
94 0
95 2
96 0
97 0
98 49
99 20
100 0
101 0
102 48
103 0
104 0
105 0
106 0
107 33
108 0
109 0
110 0
111 0
112 0
113 0
114 0
115 0
116 16
117 48
118 8
119 29
