0 0
1 0
2 13
3 48
4 38
5 17
6 49
7 0
8 0
9 0
10 0
11 49
12 0
13 0
14 10
15 0
16 49
17 0
18 41
19 0
20 0
21 0
22 21
23 0
24 15
25 0
26 26
27 48
28 0
29 0
30 24
31 0
32 0
33 8
34 0
35 48
36 0
37 40
38 0
39 0
40 0
41 45
42 0
43 0
44 49
45 13
46 0
47 0
48 1
49 8
50 48
51 7
52 0
53 0
54 48
55 20
56 0
57 22
58 0
59 14
60 10
61 0
62 13
63 4
64 0
65 49
66 6
67 49
68 0
69 0
70 0
71 14
72 8
73 0
74 37
75 40
76 0
77 0
78 0
79 0
80 0
81 49
82 0
83 44
84 0
85 0
86 0
87 0
88 0
89 0
90 0
91 35
92 0
93 15
94 0
95 0
96 0
97 9
98 47
99 49
100 0
101 0
102 48
103 0
104 0
105 0
106 0
107 48
108 0
109 0
110 1
111 0
112 0
113 0
114 4
115 0
116 0
117 23
118 4
119 13
