0 9
1 3
2 1
3 0
4 9
5 9
6 6
7 0
8 9
9 0
10 9
11 0
12 9
13 8
14 0
15 0
16 0
17 3
18 9
19 8
20 0
21 8
22 0
23 0
24 0
25 0
26 0
27 0
28 0
29 0
30 0
31 9
32 0
33 0
34 0
35 0
36 0
37 0
38 9
39 0
40 0
41 9
42 9
43 8
44 0
45 2
46 2
47 3
48 0
49 9
50 0
51 7
52 9
53 0
54 0
55 5
56 0
57 0
58 3
59 9
60 0
61 0
62 2
63 0
64 0
65 0
66 8
67 9
68 9
69 9
70 4
71 0
72 0
73 0
74 0
75 5
76 1
77 0
78 5
79 9
80 0
81 3
82 9
83 0
84 0
85 9
86 0
87 0
88 0
89 5
90 0
91 0
92 9
93 0
94 0
95 1
96 0
97 0
98 0
99 0
100 7
101 0
102 9
103 7
104 6
105 9
106 0
107 0
108 0
109 0
110 9
111 0
112 0
113 0
114 0
115 0
116 9
117 8
118 0
119 1
