0 0
1 2
2 1
3 1
4 0
5 0
6 5
7 0
8 8
9 0
10 0
11 8
12 0
13 0
14 1
15 4
16 0
17 0
18 9
19 4
20 0
21 9
22 1
23 9
24 9
25 0
26 0
27 8
28 9
29 0
30 9
31 0
32 9
33 0
34 2
35 9
36 4
37 0
38 0
39 0
40 9
41 0
42 8
43 0
44 9
45 8
46 0
47 9
48 0
49 9
50 2
51 9
52 0
53 4
54 4
55 9
56 0
57 1
58 3
59 9
60 3
61 0
62 3
63 9
64 0
65 6
66 8
67 0
68 0
69 9
70 0
71 0
72 0
73 1
74 0
75 1
76 7
77 7
78 8
79 8
80 0
81 0
82 0
83 5
84 0
85 8
86 9
87 9
88 0
89 9
90 0
91 0
92 9
93 0
94 0
95 2
96 9
97 0
98 0
99 0
100 0
101 0
102 9
103 0
104 0
105 9
106 0
107 3
108 8
109 0
110 0
111 6
112 0
113 0
114 8
115 0
116 9
117 0
118 0
119 4
