0 0
1 7
2 0
3 0
4 0
5 9
6 3
7 1
8 6
9 0
10 0
11 0
12 7
13 0
14 0
15 5
16 0
17 0
18 0
19 0
20 0
21 7
22 2
23 0
24 0
25 1
26 0
27 6
28 9
29 1
30 6
31 3
32 0
33 0
34 8
35 8
36 0
37 8
38 0
39 5
40 0
41 9
42 9
43 0
44 0
45 0
46 3
47 3
48 0
49 3
50 0
51 8
52 8
53 1
54 4
55 9
56 0
57 0
58 2
59 8
60 4
61 0
62 1
63 2
64 9
65 6
66 9
67 3
68 9
69 0
70 1
71 0
72 0
73 3
74 0
75 0
76 1
77 8
78 0
79 9
80 8
81 0
82 0
83 0
84 0
85 0
86 9
87 1
88 0
89 0
90 0
91 0
92 9
93 0
94 9
95 1
96 9
97 0
98 5
99 0
100 0
101 1
102 1
103 0
104 9
105 8
106 0
107 3
108 8
109 0
110 8
111 0
112 2
113 4
114 8
115 0
116 8
117 2
118 0
119 0
