0 0
1 2
2 0
3 0
4 0
5 8
6 9
7 1
8 9
9 0
10 0
11 0
12 0
13 0
14 0
15 0
16 0
17 3
18 9
19 2
20 0
21 9
22 3
23 9
24 0
25 0
26 0
27 5
28 9
29 1
30 7
31 0
32 0
33 0
34 0
35 7
36 0
37 0
38 0
39 0
40 9
41 0
42 8
43 0
44 9
45 9
46 2
47 9
48 0
49 9
50 9
51 8
52 0
53 0
54 1
55 9
56 0
57 0
58 9
59 9
60 1
61 0
62 6
63 0
64 0
65 2
66 9
67 0
68 9
69 9
70 8
71 0
72 4
73 0
74 0
75 1
76 0
77 9
78 9
79 6
80 0
81 9
82 8
83 0
84 0
85 0
86 9
87 9
88 0
89 9
90 0
91 0
92 0
93 0
94 0
95 2
96 9
97 0
98 0
99 0
100 5
101 0
102 8
103 0
104 0
105 9
106 1
107 9
108 0
109 0
110 0
111 8
112 0
113 0
114 8
115 1
116 9
117 0
118 0
119 0
