0 9
1 3
2 0
3 0
4 4
5 8
6 8
7 2
8 9
9 1
10 1
11 1
12 9
13 1
14 9
15 0
16 0
17 1
18 9
19 0
20 0
21 9
22 2
23 8
24 9
25 0
26 0
27 4
28 9
29 1
30 4
31 0
32 3
33 9
34 9
35 9
36 0
37 3
38 2
39 0
40 8
41 3
42 9
43 2
44 9
45 7
46 0
47 9
48 0
49 9
50 0
51 3
52 8
53 0
54 0
55 8
56 0
57 9
58 7
59 9
60 5
61 0
62 4
63 6
64 2
65 1
66 8
67 5
68 7
69 9
70 0
71 0
72 0
73 6
74 0
75 6
76 8
77 0
78 0
79 0
80 0
81 0
82 9
83 8
84 0
85 8
86 9
87 2
88 0
89 8
90 0
91 1
92 9
93 0
94 0
95 3
96 8
97 0
98 0
99 0
100 0
101 0
102 9
103 7
104 0
105 3
106 0
107 8
108 5
109 0
110 0
111 0
112 0
113 0
114 0
115 0
116 9
117 0
118 1
119 0
