0 0
1 6
2 5
3 0
4 0
5 4
6 8
7 1
8 9
9 0
10 0
11 9
12 0
13 0
14 0
15 0
16 0
17 8
18 8
19 0
20 0
21 9
22 3
23 9
24 6
25 1
26 0
27 0
28 9
29 0
30 9
31 0
32 3
33 0
34 9
35 9
36 1
37 8
38 0
39 0
40 9
41 1
42 9
43 0
44 9
45 9
46 0
47 9
48 9
49 9
50 0
51 9
52 8
53 8
54 5
55 9
56 0
57 0
58 7
59 9
60 5
61 0
62 8
63 9
64 6
65 5
66 8
67 0
68 0
69 9
70 0
71 0
72 0
73 9
74 0
75 4
76 5
77 8
78 0
79 9
80 0
81 0
82 0
83 0
84 0
85 5
86 9
87 5
88 4
89 9
90 0
91 1
92 9
93 0
94 4
95 4
96 9
97 0
98 0
99 0
100 0
101 0
102 9
103 8
104 0
105 0
106 0
107 7
108 8
109 0
110 0
111 5
112 3
113 0
114 9
115 0
116 9
117 0
118 1
119 0
