0 0
1 0
2 0
3 0
4 0
5 9
6 6
7 2
8 9
9 0
10 0
11 0
12 5
13 0
14 0
15 0
16 0
17 5
18 9
19 4
20 2
21 9
22 0
23 9
24 0
25 8
26 0
27 8
28 9
29 0
30 3
31 3
32 0
33 0
34 4
35 6
36 0
37 0
38 0
39 0
40 3
41 9
42 6
43 0
44 8
45 8
46 2
47 8
48 3
49 8
50 2
51 8
52 0
53 1
54 3
55 8
56 0
57 0
58 9
59 9
60 3
61 2
62 4
63 4
64 4
65 0
66 9
67 0
68 9
69 9
70 7
71 0
72 3
73 0
74 0
75 1
76 5
77 0
78 6
79 9
80 0
81 0
82 9
83 0
84 0
85 0
86 9
87 4
88 0
89 9
90 0
91 0
92 0
93 0
94 0
95 5
96 9
97 0
98 0
99 0
100 0
101 0
102 8
103 0
104 0
105 8
106 7
107 3
108 3
109 0
110 0
111 0
112 0
113 7
114 3
115 3
116 8
117 0
118 0
119 0
