0 0
1 8
2 0
3 3
4 4
5 9
6 2
7 1
8 2
9 8
10 0
11 0
12 0
13 0
14 0
15 0
16 0
17 0
18 9
19 0
20 4
21 9
22 0
23 8
24 0
25 0
26 2
27 0
28 9
29 2
30 9
31 0
32 0
33 0
34 3
35 9
36 0
37 0
38 4
39 0
40 7
41 0
42 8
43 0
44 9
45 9
46 0
47 9
48 0
49 2
50 1
51 9
52 5
53 0
54 6
55 0
56 0
57 0
58 3
59 9
60 7
61 3
62 8
63 0
64 1
65 0
66 8
67 0
68 8
69 9
70 8
71 0
72 0
73 7
74 0
75 3
76 3
77 9
78 2
79 9
80 0
81 8
82 1
83 0
84 0
85 2
86 9
87 8
88 0
89 8
90 0
91 0
92 9
93 0
94 0
95 0
96 9
97 0
98 0
99 8
100 0
101 0
102 0
103 8
104 0
105 8
106 5
107 8
108 9
109 0
110 0
111 5
112 0
113 0
114 5
115 0
116 9
117 0
118 5
119 9
