0 0
1 0
2 2
3 0
4 0
5 2
6 9
7 0
8 9
9 0
10 0
11 0
12 0
13 0
14 0
15 3
16 0
17 0
18 3
19 5
20 0
21 9
22 2
23 3
24 0
25 0
26 0
27 8
28 0
29 0
30 0
31 0
32 0
33 0
34 6
35 1
36 0
37 0
38 9
39 0
40 9
41 0
42 4
43 0
44 8
45 0
46 8
47 9
48 0
49 7
50 8
51 9
52 0
53 2
54 1
55 9
56 0
57 0
58 0
59 9
60 3
61 0
62 3
63 4
64 1
65 0
66 8
67 0
68 8
69 5
70 4
71 0
72 8
73 3
74 0
75 0
76 2
77 2
78 0
79 9
80 0
81 0
82 5
83 0
84 0
85 1
86 8
87 1
88 0
89 9
90 0
91 3
92 0
93 8
94 3
95 3
96 8
97 0
98 1
99 0
100 4
101 0
102 4
103 0
104 0
105 8
106 1
107 0
108 0
109 0
110 0
111 7
112 5
113 0
114 9
115 7
116 9
117 9
118 0
119 0
