0 0
1 2
2 0
3 0
4 0
5 9
6 4
7 0
8 9
9 0
10 0
11 0
12 0
13 0
14 0
15 0
16 0
17 0
18 0
19 0
20 0
21 7
22 0
23 8
24 0
25 6
26 2
27 4
28 9
29 2
30 8
31 3
32 0
33 0
34 9
35 8
36 0
37 9
38 0
39 9
40 6
41 9
42 8
43 0
44 7
45 0
46 0
47 9
48 0
49 9
50 0
51 9
52 2
53 9
54 9
55 9
56 0
57 0
58 9
59 0
60 7
61 0
62 8
63 6
64 9
65 8
66 8
67 5
68 5
69 9
70 3
71 0
72 0
73 1
74 0
75 1
76 9
77 8
78 0
79 9
80 9
81 0
82 0
83 0
84 0
85 5
86 9
87 4
88 0
89 9
90 0
91 0
92 9
93 0
94 8
95 3
96 8
97 0
98 0
99 0
100 0
101 6
102 9
103 0
104 0
105 9
106 0
107 0
108 8
109 0
110 7
111 1
112 9
113 0
114 6
115 0
116 9
117 0
118 0
119 0
